0.000000000000	  -0.01640
0.001000000000	  -0.01680
0.002000000000	  -0.01600
0.003000000000	  -0.01640
0.004000000000	  -0.01680
0.005000000000	  -0.01720
0.006000000000	  -0.01640
0.007000000000	  -0.01640
0.008000000000	  -0.01680
0.009000000000	  -0.01640
0.010000000000	  -0.01680
0.011000000000	  -0.01720
0.012000000000	  -0.01640
0.013000000000	  -0.01680
0.014000000000	  -0.01640
0.015000000000	  -0.01600
0.016000000000	  -0.01640
0.017000000000	  -0.01640
0.018000000000	  -0.01600
0.019000000000	  -0.01640
0.020000000000	  -0.01640
0.021000000000	  -0.01640
0.022000000000	  -0.01760
0.023000000000	  -0.01640
0.024000000000	  -0.01680
0.025000000000	  -0.01640
0.026000000000	  -0.01720
0.027000000000	  -0.01680
0.028000000000	  -0.01640
0.029000000000	  -0.01680
0.030000000000	  -0.01640
0.031000000000	  -0.01720
0.032000000000	  -0.01600
0.033000000000	  -0.01640
0.034000000000	  -0.01680
0.035000000000	  -0.01640
0.036000000000	  -0.01720
0.037000000000	  -0.01680
0.038000000000	  -0.01680
0.039000000000	  -0.01720
0.040000000000	  -0.01720
0.041000000000	  -0.01640
0.042000000000	  -0.01680
0.043000000000	  -0.01640
0.044000000000	  -0.01680
0.045000000000	  -0.01720
0.046000000000	  -0.01680
0.047000000000	  -0.01720
0.048000000000	  -0.01720
0.049000000000	  -0.01640
0.050000000000	  -0.01640
0.051000000000	  -0.01640
0.052000000000	  -0.01600
0.053000000000	  -0.01640
0.054000000000	  -0.01680
0.055000000000	  -0.01680
0.056000000000	  -0.01640
0.057000000000	  -0.01600
0.058000000000	  -0.01600
0.059000000000	  -0.01720
0.060000000000	  -0.01680
0.061000000000	  -0.01640
0.062000000000	  -0.01640
0.063000000000	  -0.01640
0.064000000000	  -0.01640
0.065000000000	  -0.01680
0.066000000000	  -0.01640
0.067000000000	  -0.01680
0.068000000000	  -0.01640
0.069000000000	  -0.01600
0.070000000000	  -0.01640
0.071000000000	  -0.01680
0.072000000000	  -0.01640
0.073000000000	  -0.01680
0.074000000000	  -0.01680
0.075000000000	  -0.01720
0.076000000000	  -0.01680
0.077000000000	  -0.01680
0.078000000000	  -0.01680
0.079000000000	  -0.01680
0.080000000000	  -0.01640
0.081000000000	  -0.01640
0.082000000000	  -0.01640
0.083000000000	  -0.01640
0.084000000000	  -0.01640
0.085000000000	  -0.01640
0.086000000000	  -0.01640
0.087000000000	  -0.01680
0.088000000000	  -0.01640
0.089000000000	  -0.01600
0.090000000000	  -0.01640
0.091000000000	  -0.01640
0.092000000000	  -0.01720
0.093000000000	  -0.01680
0.094000000000	  -0.01720
0.095000000000	  -0.01640
0.096000000000	  -0.01640
0.097000000000	  -0.01640
0.098000000000	  -0.01720
0.099000000000	  -0.01680
0.100000000000	  -0.01640
0.101000000000	  -0.01680
0.102000000000	  -0.01680
0.103000000000	  -0.01720
0.104000000000	  -0.01640
0.105000000000	  -0.01640
0.106000000000	  -0.01600
0.107000000000	  -0.01640
0.108000000000	  -0.01600
0.109000000000	  -0.01640
0.110000000000	  -0.01640
0.111000000000	  -0.01640
0.112000000000	  -0.01760
0.113000000000	  -0.01640
0.114000000000	  -0.01720
0.115000000000	  -0.01720
0.116000000000	  -0.01680
0.117000000000	  -0.01720
0.118000000000	  -0.01720
0.119000000000	  -0.01640
0.120000000000	  -0.01600
0.121000000000	  -0.01640
0.122000000000	  -0.01680
0.123000000000	  -0.01680
0.124000000000	  -0.01680
0.125000000000	  -0.01640
0.126000000000	  -0.01680
0.127000000000	  -0.01640
0.128000000000	  -0.01600
0.129000000000	  -0.01600
0.130000000000	  -0.01600
0.131000000000	  -0.01680
0.132000000000	  -0.01600
0.133000000000	  -0.01680
0.134000000000	  -0.01640
0.135000000000	  -0.01640
0.136000000000	  -0.01680
0.137000000000	  -0.01720
0.138000000000	  -0.01720
0.139000000000	  -0.01680
0.140000000000	  -0.01760
0.141000000000	  -0.01760
0.142000000000	  -0.01680
0.143000000000	  -0.01680
0.144000000000	  -0.01680
0.145000000000	  -0.01680
0.146000000000	  -0.01640
0.147000000000	  -0.01640
0.148000000000	  -0.01680
0.149000000000	  -0.01720
0.150000000000	  -0.01680
0.151000000000	  -0.01680
0.152000000000	  -0.01640
0.153000000000	  -0.01680
0.154000000000	  -0.01680
0.155000000000	  -0.01720
0.156000000000	  -0.01640
0.157000000000	  -0.01720
0.158000000000	  -0.01680
0.159000000000	  -0.01640
0.160000000000	  -0.01720
0.161000000000	  -0.01640
0.162000000000	  -0.01680
0.163000000000	  -0.01720
0.164000000000	  -0.01640
0.165000000000	  -0.01640
0.166000000000	  -0.01640
0.167000000000	  -0.01640
0.168000000000	  -0.01640
0.169000000000	  -0.01680
0.170000000000	  -0.01680
0.171000000000	  -0.01640
0.172000000000	  -0.01680
0.173000000000	  -0.01640
0.174000000000	  -0.01680
0.175000000000	  -0.01640
0.176000000000	  -0.01640
0.177000000000	  -0.01720
0.178000000000	  -0.01640
0.179000000000	  -0.01720
0.180000000000	  -0.01640
0.181000000000	  -0.01680
0.182000000000	  -0.01720
0.183000000000	  -0.01680
0.184000000000	  -0.01720
0.185000000000	  -0.01600
0.186000000000	  -0.01680
0.187000000000	  -0.01680
0.188000000000	  -0.01600
0.189000000000	  -0.01680
0.190000000000	  -0.01680
0.191000000000	  -0.01720
0.192000000000	  -0.01640
0.193000000000	  -0.01640
0.194000000000	  -0.01640
0.195000000000	  -0.01640
0.196000000000	  -0.01680
0.197000000000	  -0.01680
0.198000000000	  -0.01680
0.199000000000	  -0.01640
0.200000000000	  -0.01680
0.201000000000	  -0.01640
0.202000000000	  -0.01680
0.203000000000	  -0.01680
0.204000000000	  -0.01760
0.205000000000	  -0.01640
0.206000000000	  -0.01640
0.207000000000	  -0.01680
0.208000000000	  -0.01760
0.209000000000	  -0.01680
0.210000000000	  -0.01680
0.211000000000	  -0.01680
0.212000000000	  -0.01680
0.213000000000	  -0.01640
0.214000000000	  -0.01640
0.215000000000	  -0.01640
0.216000000000	  -0.01640
0.217000000000	  -0.01680
0.218000000000	  -0.01640
0.219000000000	  -0.01640
0.220000000000	  -0.01680
0.221000000000	  -0.01640
0.222000000000	  -0.01720
0.223000000000	  -0.01640
0.224000000000	  -0.01680
0.225000000000	  -0.01640
0.226000000000	  -0.01600
0.227000000000	  -0.01640
0.228000000000	  -0.01680
0.229000000000	  -0.01640
0.230000000000	  -0.01640
0.231000000000	  -0.01760
0.232000000000	  -0.01640
0.233000000000	  -0.01680
0.234000000000	  -0.01680
0.235000000000	  -0.01720
0.236000000000	  -0.01720
0.237000000000	  -0.01680
0.238000000000	  -0.01720
0.239000000000	  -0.01720
0.240000000000	  -0.01640
0.241000000000	  -0.01640
0.242000000000	  -0.01640
0.243000000000	  -0.01680
0.244000000000	  -0.01640
0.245000000000	  -0.01680
0.246000000000	  -0.01680
0.247000000000	  -0.01720
0.248000000000	  -0.01640
0.249000000000	  -0.01640
0.250000000000	  -0.01640
0.251000000000	  -0.01640
0.252000000000	  -0.01640
0.253000000000	  -0.01640
0.254000000000	  -0.01720
0.255000000000	  -0.01640
0.256000000000	  -0.01720
0.257000000000	  -0.01600
0.258000000000	  -0.01680
0.259000000000	  -0.01640
0.260000000000	  -0.01760
0.261000000000	  -0.01680
0.262000000000	  -0.01680
0.263000000000	  -0.01680
0.264000000000	  -0.01760
0.265000000000	  -0.01680
0.266000000000	  -0.01640
0.267000000000	  -0.01640
0.268000000000	  -0.01680
0.269000000000	  -0.01680
0.270000000000	  -0.01720
0.271000000000	  -0.01640
0.272000000000	  -0.01680
0.273000000000	  -0.01680
0.274000000000	  -0.01720
0.275000000000	  -0.01640
0.276000000000	  -0.01720
0.277000000000	  -0.01760
0.278000000000	  -0.01680
0.279000000000	  -0.01640
0.280000000000	  -0.01720
0.281000000000	  -0.01640
0.282000000000	  -0.01680
0.283000000000	  -0.01720
0.284000000000	  -0.01600
0.285000000000	  -0.01680
0.286000000000	  -0.01680
0.287000000000	  -0.01760
0.288000000000	  -0.01760
0.289000000000	  -0.01680
0.290000000000	  -0.01640
0.291000000000	  -0.01680
0.292000000000	  -0.01720
0.293000000000	  -0.01720
0.294000000000	  -0.01680
0.295000000000	  -0.01680
0.296000000000	  -0.01720
0.297000000000	  -0.01640
0.298000000000	  -0.01640
0.299000000000	  -0.01640
0.300000000000	  -0.01720
0.301000000000	  -0.01640
0.302000000000	  -0.01680
0.303000000000	  -0.01640
0.304000000000	  -0.01640
0.305000000000	  -0.01640
0.306000000000	  -0.01680
0.307000000000	  -0.01680
0.308000000000	  -0.01680
0.309000000000	  -0.01640
0.310000000000	  -0.01760
0.311000000000	  -0.01640
0.312000000000	  -0.01760
0.313000000000	  -0.01680
0.314000000000	  -0.01640
0.315000000000	  -0.01640
0.316000000000	  -0.01640
0.317000000000	  -0.01680
0.318000000000	  -0.01640
0.319000000000	  -0.01680
0.320000000000	  -0.01640
0.321000000000	  -0.01680
0.322000000000	  -0.01640
0.323000000000	  -0.01680
0.324000000000	  -0.01640
0.325000000000	  -0.01640
0.326000000000	  -0.01600
0.327000000000	  -0.01680
0.328000000000	  -0.01720
0.329000000000	  -0.01640
0.330000000000	  -0.01640
0.331000000000	  -0.01680
0.332000000000	  -0.01680
0.333000000000	  -0.01720
0.334000000000	  -0.01680
0.335000000000	  -0.01600
0.336000000000	  -0.01600
0.337000000000	   0.01640
0.338000000000	   0.01600
0.339000000000	   0.01680
0.340000000000	   0.01640
0.341000000000	   0.01760
0.342000000000	   0.01680
0.343000000000	   0.01680
0.344000000000	   0.01640
0.345000000000	   0.01640
0.346000000000	   0.01680
0.347000000000	   0.01680
0.348000000000	   0.01640
0.349000000000	   0.01680
0.350000000000	   0.01760
0.351000000000	   0.01720
0.352000000000	   0.01640
0.353000000000	   0.01680
0.354000000000	   0.01640
0.355000000000	   0.01640
0.356000000000	   0.01720
0.357000000000	   0.01680
0.358000000000	   0.01680
0.359000000000	   0.01720
0.360000000000	   0.01640
0.361000000000	   0.01680
0.362000000000	   0.01640
0.363000000000	   0.01680
0.364000000000	   0.01680
0.365000000000	   0.01680
0.366000000000	   0.01640
0.367000000000	   0.01720
0.368000000000	   0.01720
0.369000000000	   0.01640
0.370000000000	   0.01760
0.371000000000	   0.01720
0.372000000000	   0.01680
0.373000000000	   0.01680
0.374000000000	   0.01680
0.375000000000	   0.01640
0.376000000000	   0.01680
0.377000000000	   0.01680
0.378000000000	   0.01760
0.379000000000	   0.01720
0.380000000000	   0.01640
0.381000000000	   0.01640
0.382000000000	   0.01640
0.383000000000	   0.01640
0.384000000000	   0.01640
0.385000000000	   0.01680
0.386000000000	   0.01680
0.387000000000	   0.01720
0.388000000000	   0.01680
0.389000000000	   0.01600
0.390000000000	   0.01640
0.391000000000	   0.01680
0.392000000000	   0.01640
0.393000000000	   0.01680
0.394000000000	   0.01640
0.395000000000	   0.01640
0.396000000000	   0.01680
0.397000000000	   0.01680
0.398000000000	   0.01720
0.399000000000	   0.01640
0.400000000000	   0.01680
0.401000000000	   0.01720
0.402000000000	   0.01640
0.403000000000	   0.01680
0.404000000000	   0.01640
0.405000000000	   0.01640
0.406000000000	   0.01720
0.407000000000	   0.01680
0.408000000000	   0.01640
0.409000000000	   0.01680
0.410000000000	   0.01720
0.411000000000	   0.01680
0.412000000000	   0.01640
0.413000000000	   0.01720
0.414000000000	   0.01760
0.415000000000	   0.01720
0.416000000000	   0.01640
0.417000000000	   0.01720
0.418000000000	   0.01600
0.419000000000	   0.01680
0.420000000000	   0.01680
0.421000000000	   0.01680
0.422000000000	   0.01680
0.423000000000	   0.01680
0.424000000000	   0.01680
0.425000000000	   0.01720
0.426000000000	   0.01640
0.427000000000	   0.01640
0.428000000000	   0.01680
0.429000000000	   0.01640
0.430000000000	   0.01640
0.431000000000	   0.01680
0.432000000000	   0.01680
0.433000000000	   0.01600
0.434000000000	   0.01680
0.435000000000	   0.01680
0.436000000000	   0.01680
0.437000000000	   0.01680
0.438000000000	   0.01640
0.439000000000	   0.01720
0.440000000000	   0.01640
0.441000000000	   0.01760
0.442000000000	   0.01640
0.443000000000	   0.01640
0.444000000000	   0.01680
0.445000000000	   0.01640
0.446000000000	   0.01680
0.447000000000	   0.01720
0.448000000000	   0.01680
0.449000000000	   0.01720
0.450000000000	   0.01680
0.451000000000	   0.01680
0.452000000000	   0.01640
0.453000000000	   0.01680
0.454000000000	   0.01720
0.455000000000	   0.01680
0.456000000000	   0.01680
0.457000000000	   0.01640
0.458000000000	   0.01600
0.459000000000	   0.01720
0.460000000000	   0.01600
0.461000000000	   0.01600
0.462000000000	   0.01680
0.463000000000	   0.01640
0.464000000000	   0.01600
0.465000000000	   0.01680
0.466000000000	   0.01760
0.467000000000	   0.01640
0.468000000000	   0.01760
0.469000000000	   0.01680
0.470000000000	   0.01720
0.471000000000	   0.01680
0.472000000000	   0.01720
0.473000000000	   0.01680
0.474000000000	   0.01600
0.475000000000	   0.01600
0.476000000000	   0.01640
0.477000000000	   0.01640
0.478000000000	   0.01640
0.479000000000	   0.01640
0.480000000000	   0.01680
0.481000000000	   0.01680
0.482000000000	   0.01720
0.483000000000	   0.01720
0.484000000000	   0.01680
0.485000000000	   0.01640
0.486000000000	   0.01720
0.487000000000	   0.01600
0.488000000000	   0.01760
0.489000000000	   0.01640
0.490000000000	   0.01640
0.491000000000	   0.01680
0.492000000000	   0.01680
0.493000000000	   0.01640
0.494000000000	   0.01680
0.495000000000	   0.01640
0.496000000000	   0.01720
0.497000000000	   0.01720
0.498000000000	   0.01600
0.499000000000	   0.01600
0.500000000000	   0.01640
0.501000000000	   0.01680
0.502000000000	   0.01720
0.503000000000	   0.01640
0.504000000000	   0.01640
0.505000000000	   0.01720
0.506000000000	   0.01640
0.507000000000	   0.01680
0.508000000000	   0.01640
0.509000000000	   0.01640
0.510000000000	   0.01640
0.511000000000	   0.01640
0.512000000000	   0.01680
0.513000000000	   0.01640
0.514000000000	   0.01720
0.515000000000	   0.01640
0.516000000000	   0.01640
0.517000000000	   0.01720
0.518000000000	   0.01720
0.519000000000	   0.01680
0.520000000000	   0.01720
0.521000000000	   0.01600
0.522000000000	   0.01680
0.523000000000	   0.01760
0.524000000000	   0.01680
0.525000000000	   0.01680
0.526000000000	   0.01680
0.527000000000	   0.01720
0.528000000000	   0.01640
0.529000000000	   0.01640
0.530000000000	   0.01720
0.531000000000	   0.01680
0.532000000000	   0.01640
0.533000000000	   0.01720
0.534000000000	   0.01600
0.535000000000	   0.01640
0.536000000000	   0.01640
0.537000000000	   0.01600
0.538000000000	   0.01680
0.539000000000	   0.01680
0.540000000000	   0.01720
0.541000000000	   0.01680
0.542000000000	   0.01720
0.543000000000	   0.01720
0.544000000000	   0.01720
0.545000000000	   0.01680
0.546000000000	   0.01640
0.547000000000	   0.01640
0.548000000000	   0.01680
0.549000000000	   0.01720
0.550000000000	   0.01680
0.551000000000	   0.01720
0.552000000000	   0.01680
0.553000000000	   0.01640
0.554000000000	   0.01640
0.555000000000	   0.01720
0.556000000000	   0.01760
0.557000000000	   0.01640
0.558000000000	   0.01720
0.559000000000	   0.01720
0.560000000000	   0.01680
0.561000000000	   0.01640
0.562000000000	   0.01680
0.563000000000	   0.01720
0.564000000000	   0.01720
0.565000000000	   0.01640
0.566000000000	   0.01680
0.567000000000	   0.01640
0.568000000000	   0.01680
0.569000000000	   0.01640
0.570000000000	   0.01720
0.571000000000	   0.01760
0.572000000000	   0.01720
0.573000000000	   0.01680
0.574000000000	   0.01760
0.575000000000	   0.01640
0.576000000000	   0.01600
0.577000000000	   0.01680
0.578000000000	   0.01640
0.579000000000	   0.01640
0.580000000000	   0.01640
0.581000000000	   0.01680
0.582000000000	   0.01680
0.583000000000	   0.01680
0.584000000000	   0.01640
0.585000000000	   0.01720
0.586000000000	   0.01680
0.587000000000	   0.01760
0.588000000000	   0.01640
0.589000000000	   0.01640
0.590000000000	   0.01680
0.591000000000	   0.01680
0.592000000000	   0.01680
0.593000000000	   0.01680
0.594000000000	   0.01680
0.595000000000	   0.01680
0.596000000000	   0.01680
0.597000000000	   0.01680
0.598000000000	   0.01720
0.599000000000	   0.01640
0.600000000000	   0.01640
0.601000000000	   0.01720
0.602000000000	   0.01720
0.603000000000	   0.01640
0.604000000000	   0.01640
0.605000000000	   0.01640
0.606000000000	   0.01680
0.607000000000	   0.01640
0.608000000000	   0.01720
0.609000000000	   0.01680
0.610000000000	   0.01680
0.611000000000	   0.01680
0.612000000000	   0.01640
0.613000000000	   0.01680
0.614000000000	   0.01680
0.615000000000	   0.01720
0.616000000000	   0.01680
0.617000000000	   0.01720
0.618000000000	   0.01680
0.619000000000	   0.01680
0.620000000000	   0.01640
0.621000000000	   0.01640
0.622000000000	   0.01640
0.623000000000	   0.01720
0.624000000000	   0.01720
0.625000000000	   0.01680
0.626000000000	   0.01600
0.627000000000	   0.01640
0.628000000000	   0.01680
0.629000000000	   0.01680
0.630000000000	   0.01680
0.631000000000	   0.01680
0.632000000000	   0.01680
0.633000000000	   0.01680
0.634000000000	  -0.05120
0.635000000000	  -0.05120
0.636000000000	  -0.05120
0.637000000000	  -0.05120
0.638000000000	  -0.05120
0.639000000000	  -0.05120
0.640000000000	  -0.05120
0.641000000000	  -0.05120
0.642000000000	  -0.05120
0.643000000000	  -0.05120
0.644000000000	  -0.05120
0.645000000000	  -0.05120
0.646000000000	  -0.05120
0.647000000000	  -0.05120
0.648000000000	  -0.05120
0.649000000000	  -0.05120
0.650000000000	  -0.05120
0.651000000000	  -0.05120
0.652000000000	  -0.05120
0.653000000000	  -0.05120
0.654000000000	  -0.05120
0.655000000000	  -0.05120
0.656000000000	  -0.05120
0.657000000000	  -0.05120
0.658000000000	  -0.05120
0.659000000000	  -0.05120
0.660000000000	  -0.05120
0.661000000000	  -0.05120
0.662000000000	  -0.05120
0.663000000000	  -0.05120
0.664000000000	  -0.05120
0.665000000000	  -0.05120
0.666000000000	  -0.05120
0.667000000000	  -0.05120
0.668000000000	  -0.05120
0.669000000000	  -0.05120
0.670000000000	  -0.05120
0.671000000000	  -0.05120
0.672000000000	  -0.05120
0.673000000000	  -0.05120
0.674000000000	  -0.05120
0.675000000000	  -0.05120
0.676000000000	  -0.05120
0.677000000000	  -0.05120
0.678000000000	  -0.05120
0.679000000000	  -0.05120
0.680000000000	  -0.05120
0.681000000000	  -0.05120
0.682000000000	  -0.05120
0.683000000000	  -0.05120
0.684000000000	  -0.05120
0.685000000000	  -0.05120
0.686000000000	  -0.05120
0.687000000000	  -0.05120
0.688000000000	  -0.05120
0.689000000000	  -0.05120
0.690000000000	  -0.05120
0.691000000000	  -0.05120
0.692000000000	  -0.05120
0.693000000000	  -0.05120
0.694000000000	  -0.05120
0.695000000000	  -0.05120
0.696000000000	  -0.05120
0.697000000000	  -0.05120
0.698000000000	  -0.05120
0.699000000000	  -0.05120
0.700000000000	  -0.05120
0.701000000000	  -0.05120
0.702000000000	  -0.05120
0.703000000000	  -0.05120
0.704000000000	  -0.05120
0.705000000000	  -0.05120
0.706000000000	  -0.05120
0.707000000000	  -0.05120
0.708000000000	  -0.05120
0.709000000000	  -0.05120
0.710000000000	  -0.05120
0.711000000000	  -0.05120
0.712000000000	  -0.05120
0.713000000000	  -0.05120
0.714000000000	  -0.05120
0.715000000000	  -0.05120
0.716000000000	  -0.05120
0.717000000000	  -0.05120
0.718000000000	  -0.05120
0.719000000000	  -0.05120
0.720000000000	  -0.05120
0.721000000000	  -0.05120
0.722000000000	  -0.05120
0.723000000000	  -0.05120
0.724000000000	  -0.05120
0.725000000000	  -0.05120
0.726000000000	  -0.05120
0.727000000000	  -0.05120
0.728000000000	  -0.05120
0.729000000000	  -0.05120
0.730000000000	  -0.05120
0.731000000000	  -0.05120
0.732000000000	  -0.05120
0.733000000000	  -0.05120
0.734000000000	  -0.05120
0.735000000000	  -0.05120
0.736000000000	  -0.05120
0.737000000000	  -0.05120
0.738000000000	  -0.05120
0.739000000000	  -0.05120
0.740000000000	  -0.05120
0.741000000000	  -0.05120
0.742000000000	  -0.05120
0.743000000000	  -0.05120
0.744000000000	  -0.05120
0.745000000000	  -0.05120
0.746000000000	  -0.05120
0.747000000000	  -0.05120
0.748000000000	  -0.05120
0.749000000000	  -0.05120
0.750000000000	  -0.05120
0.751000000000	  -0.05120
0.752000000000	  -0.05120
0.753000000000	  -0.05120
0.754000000000	  -0.05120
0.755000000000	  -0.05120
0.756000000000	  -0.05120
0.757000000000	  -0.05120
0.758000000000	  -0.05120
0.759000000000	  -0.05120
0.760000000000	  -0.05120
0.761000000000	  -0.05120
0.762000000000	  -0.05120
0.763000000000	  -0.05120
0.764000000000	  -0.05120
0.765000000000	  -0.05120
0.766000000000	  -0.05120
0.767000000000	  -0.05120
0.768000000000	  -0.05120
0.769000000000	  -0.05120
0.770000000000	  -0.05120
0.771000000000	  -0.05120
0.772000000000	  -0.05120
0.773000000000	  -0.05120
0.774000000000	  -0.05120
0.775000000000	  -0.05120
0.776000000000	  -0.05120
0.777000000000	  -0.05120
0.778000000000	  -0.05120
0.779000000000	  -0.05120
0.780000000000	  -0.05120
0.781000000000	  -0.05120
0.782000000000	  -0.05120
0.783000000000	  -0.05120
0.784000000000	  -0.05120
0.785000000000	  -0.05120
0.786000000000	  -0.05120
0.787000000000	  -0.05120
0.788000000000	  -0.05120
0.789000000000	  -0.05120
0.790000000000	  -0.05120
0.791000000000	  -0.05120
0.792000000000	  -0.05120
0.793000000000	  -0.05120
0.794000000000	  -0.05120
0.795000000000	  -0.05120
0.796000000000	  -0.05120
0.797000000000	  -0.05120
0.798000000000	  -0.05120
0.799000000000	  -0.05120
0.800000000000	  -0.05120
0.801000000000	  -0.05120
0.802000000000	  -0.05120
0.803000000000	  -0.05120
0.804000000000	  -0.05120
0.805000000000	  -0.05120
0.806000000000	  -0.05120
0.807000000000	  -0.05120
0.808000000000	  -0.05120
0.809000000000	  -0.05120
0.810000000000	  -0.05120
0.811000000000	  -0.05120
0.812000000000	  -0.05120
0.813000000000	  -0.05120
0.814000000000	  -0.05120
0.815000000000	  -0.05120
0.816000000000	  -0.05120
0.817000000000	  -0.05120
0.818000000000	  -0.05120
0.819000000000	  -0.05120
0.820000000000	  -0.05120
0.821000000000	  -0.05120
0.822000000000	  -0.05120
0.823000000000	  -0.05120
0.824000000000	  -0.05120
0.825000000000	  -0.05120
0.826000000000	  -0.05120
0.827000000000	  -0.05120
0.828000000000	  -0.05120
0.829000000000	  -0.05120
0.830000000000	  -0.05120
0.831000000000	  -0.05120
0.832000000000	  -0.05120
0.833000000000	  -0.05120
0.834000000000	  -0.05120
0.835000000000	  -0.05120
0.836000000000	  -0.05120
0.837000000000	  -0.05120
0.838000000000	  -0.05120
0.839000000000	  -0.05120
0.840000000000	  -0.05120
0.841000000000	  -0.05120
0.842000000000	  -0.05120
0.843000000000	  -0.05120
0.844000000000	  -0.05120
0.845000000000	  -0.05120
0.846000000000	  -0.05120
0.847000000000	  -0.05120
0.848000000000	  -0.05120
0.849000000000	  -0.05120
0.850000000000	  -0.05120
0.851000000000	  -0.05120
0.852000000000	  -0.05120
0.853000000000	  -0.05120
0.854000000000	  -0.05120
0.855000000000	  -0.05120
0.856000000000	  -0.05120
0.857000000000	  -0.05120
0.858000000000	  -0.05120
0.859000000000	  -0.05120
0.860000000000	  -0.05120
0.861000000000	  -0.05120
0.862000000000	  -0.05120
0.863000000000	  -0.05120
0.864000000000	  -0.05120
0.865000000000	  -0.05120
0.866000000000	  -0.05120
0.867000000000	  -0.05120
0.868000000000	  -0.05120
0.869000000000	  -0.05120
0.870000000000	  -0.05120
0.871000000000	  -0.05120
0.872000000000	  -0.05120
0.873000000000	  -0.05120
0.874000000000	  -0.05120
0.875000000000	  -0.05120
0.876000000000	  -0.05120
0.877000000000	  -0.05120
0.878000000000	  -0.05120
0.879000000000	  -0.05120
0.880000000000	  -0.05120
0.881000000000	  -0.05120
0.882000000000	  -0.05120
0.883000000000	  -0.05120
0.884000000000	   0.01760
0.885000000000	   0.01680
0.886000000000	   0.01680
0.887000000000	   0.01680
0.888000000000	   0.01680
0.889000000000	   0.01600
0.890000000000	   0.01680
0.891000000000	   0.01680
0.892000000000	   0.01680
0.893000000000	   0.01680
0.894000000000	   0.01680
0.895000000000	   0.01600
0.896000000000	   0.01720
0.897000000000	   0.01640
0.898000000000	   0.01640
0.899000000000	   0.01680
0.900000000000	   0.01680
0.901000000000	   0.01680
0.902000000000	   0.01680
0.903000000000	   0.01680
0.904000000000	   0.01720
0.905000000000	   0.01720
0.906000000000	   0.01680
0.907000000000	   0.01640
0.908000000000	   0.01720
0.909000000000	   0.01640
0.910000000000	   0.01640
0.911000000000	   0.01680
0.912000000000	   0.01680
0.913000000000	   0.01720
0.914000000000	   0.01600
0.915000000000	   0.01640
0.916000000000	   0.01640
0.917000000000	   0.01640
0.918000000000	   0.01680
0.919000000000	   0.01600
0.920000000000	   0.01640
0.921000000000	   0.01680
0.922000000000	   0.01640
0.923000000000	   0.01760
0.924000000000	   0.01640
0.925000000000	   0.01640
0.926000000000	   0.01720
0.927000000000	   0.01600
0.928000000000	   0.01600
0.929000000000	   0.01680
0.930000000000	   0.01640
0.931000000000	   0.01680
0.932000000000	   0.01680
0.933000000000	   0.01600
0.934000000000	   0.01720
0.935000000000	   0.01720
0.936000000000	   0.01640
0.937000000000	   0.01640
0.938000000000	   0.01760
0.939000000000	   0.01760
0.940000000000	   0.01680
0.941000000000	   0.01640
0.942000000000	   0.01680
0.943000000000	   0.01720
0.944000000000	   0.01640
0.945000000000	   0.01680
0.946000000000	   0.01680
0.947000000000	   0.01680
0.948000000000	   0.01640
0.949000000000	   0.01720
0.950000000000	   0.01640
0.951000000000	   0.01640
0.952000000000	   0.01680
0.953000000000	   0.01640
0.954000000000	   0.01720
0.955000000000	   0.01720
0.956000000000	   0.01720
0.957000000000	   0.01640
0.958000000000	   0.01680
0.959000000000	   0.01640
0.960000000000	   0.01640
0.961000000000	   0.01640
0.962000000000	   0.01680
0.963000000000	   0.01680
0.964000000000	   0.01600
0.965000000000	   0.01640
0.966000000000	   0.01680
0.967000000000	   0.01680
0.968000000000	   0.01680
0.969000000000	   0.01640
0.970000000000	   0.01640
0.971000000000	   0.01680
0.972000000000	   0.01720
0.973000000000	   0.01680
0.974000000000	   0.01680
0.975000000000	   0.01640
0.976000000000	   0.01640
0.977000000000	   0.01600
0.978000000000	   0.01720
0.979000000000	   0.01680
0.980000000000	   0.01680
0.981000000000	   0.01640
0.982000000000	   0.01720
0.983000000000	   0.01680
0.984000000000	   0.01680
0.985000000000	   0.01680
0.986000000000	   0.01640
0.987000000000	   0.01680
0.988000000000	   0.01680
0.989000000000	   0.01760
0.990000000000	   0.01600
0.991000000000	   0.01680
0.992000000000	   0.01680
0.993000000000	   0.01680
0.994000000000	   0.01640
0.995000000000	   0.01640
0.996000000000	   0.01680
0.997000000000	   0.01640
0.998000000000	   0.01680
0.999000000000	   0.01720
1.000.000.000.000	   0.01680
1.001.000.000.000	   0.01640
1.002.000.000.000	   0.01640
1.003.000.000.000	   0.01640
1.004.000.000.000	   0.01680
1.005.000.000.000	   0.01640
1.006.000.000.000	   0.01640
1.007.000.000.000	   0.01640
1.008.000.000.000	   0.01640
1.009.000.000.000	   0.01680
1.010.000.000.000	   0.01680
1.011.000.000.000	   0.01640
1.012.000.000.000	   0.01720
1.013.000.000.000	   0.01640
1.014.000.000.000	   0.01680
1.015.000.000.000	   0.01680
1.016.000.000.000	   0.01680
1.017.000.000.000	   0.01640
1.018.000.000.000	   0.01600
1.019.000.000.000	   0.01640
1.020.000.000.000	   0.01640
1.021.000.000.000	   0.01640
1.022.000.000.000	   0.01720
1.023.000.000.000	   0.01680
1.024.000.000.000	   0.01640
1.025.000.000.000	   0.01640
1.026.000.000.000	   0.01680
1.027.000.000.000	   0.01640
1.028.000.000.000	   0.01640
1.029.000.000.000	   0.01640
1.030.000.000.000	   0.01720
1.031.000.000.000	   0.01640
1.032.000.000.000	   0.01640
1.033.000.000.000	   0.01640
1.034.000.000.000	   0.01640
1.035.000.000.000	   0.01600
1.036.000.000.000	   0.01680
1.037.000.000.000	   0.01680
1.038.000.000.000	   0.01640
1.039.000.000.000	   0.01680
1.040.000.000.000	   0.01680
1.041.000.000.000	   0.01640
1.042.000.000.000	   0.01680
1.043.000.000.000	   0.01680
1.044.000.000.000	   0.01640
1.045.000.000.000	   0.01640
1.046.000.000.000	   0.01760
1.047.000.000.000	   0.01720
1.048.000.000.000	   0.01560
1.049.000.000.000	   0.01640
1.050.000.000.000	   0.01720
1.051.000.000.000	   0.01680
1.052.000.000.000	   0.01640
1.053.000.000.000	   0.01600
1.054.000.000.000	   0.01640
1.055.000.000.000	   0.01720
1.056.000.000.000	   0.01680
1.057.000.000.000	   0.01680
1.058.000.000.000	   0.01680
1.059.000.000.000	   0.01640
1.060.000.000.000	   0.01680
1.061.000.000.000	   0.01680
1.062.000.000.000	   0.01680
1.063.000.000.000	   0.01640
1.064.000.000.000	   0.01640
1.065.000.000.000	   0.01640
1.066.000.000.000	   0.01680
1.067.000.000.000	   0.01680
1.068.000.000.000	   0.01600
1.069.000.000.000	   0.01680
1.070.000.000.000	   0.01720
1.071.000.000.000	   0.01680
1.072.000.000.000	   0.01640
1.073.000.000.000	   0.01720
1.074.000.000.000	   0.01680
1.075.000.000.000	   0.01680
1.076.000.000.000	   0.01640
1.077.000.000.000	   0.01680
1.078.000.000.000	   0.01680
1.079.000.000.000	   0.01720
1.080.000.000.000	   0.01720
1.081.000.000.000	   0.01640
1.082.000.000.000	   0.01680
1.083.000.000.000	   0.01680
1.084.000.000.000	   0.01680
1.085.000.000.000	   0.01720
1.086.000.000.000	   0.01720
1.087.000.000.000	   0.01720
1.088.000.000.000	   0.01640
1.089.000.000.000	   0.01680
1.090.000.000.000	   0.01640
1.091.000.000.000	   0.01680
1.092.000.000.000	   0.01640
1.093.000.000.000	   0.01640
1.094.000.000.000	   0.01680
1.095.000.000.000	   0.01680
1.096.000.000.000	   0.01720
1.097.000.000.000	   0.01640
1.098.000.000.000	   0.01720
1.099.000.000.000	   0.01640
1.100.000.000.000	   0.01680
1.101.000.000.000	   0.01720
1.102.000.000.000	   0.01600
1.103.000.000.000	   0.01680
1.104.000.000.000	   0.01720
1.105.000.000.000	   0.01680
1.106.000.000.000	   0.01680
1.107.000.000.000	   0.01720
1.108.000.000.000	   0.01640
1.109.000.000.000	   0.01760
1.110.000.000.000	   0.01680
1.111.000.000.000	   0.01720
1.112.000.000.000	   0.01640
1.113.000.000.000	   0.01680
1.114.000.000.000	   0.01680
1.115.000.000.000	   0.01600
1.116.000.000.000	   0.01680
1.117.000.000.000	   0.01720
1.118.000.000.000	   0.01600
1.119.000.000.000	   0.01680
1.120.000.000.000	   0.01720
1.121.000.000.000	   0.01680
1.122.000.000.000	   0.01680
1.123.000.000.000	   0.01680
1.124.000.000.000	   0.01720
1.125.000.000.000	   0.01680
1.126.000.000.000	   0.01600
1.127.000.000.000	   0.01680
1.128.000.000.000	   0.01600
1.129.000.000.000	   0.01640
1.130.000.000.000	   0.01640
1.131.000.000.000	   0.01640
1.132.000.000.000	   0.01680
1.133.000.000.000	   0.01720
1.134.000.000.000	   0.01680
1.135.000.000.000	   0.01680
1.136.000.000.000	   0.01720
1.137.000.000.000	   0.01680
1.138.000.000.000	   0.01760
1.139.000.000.000	   0.01760
1.140.000.000.000	   0.01640
1.141.000.000.000	   0.01680
1.142.000.000.000	   0.01720
1.143.000.000.000	   0.01640
1.144.000.000.000	   0.01640
1.145.000.000.000	   0.01680
1.146.000.000.000	   0.01560
1.147.000.000.000	   0.01720
1.148.000.000.000	   0.01640
1.149.000.000.000	   0.01640
1.150.000.000.000	   0.01720
1.151.000.000.000	   0.01680
1.152.000.000.000	   0.01680
1.153.000.000.000	   0.01760
1.154.000.000.000	   0.01680
1.155.000.000.000	   0.01680
1.156.000.000.000	   0.01600
1.157.000.000.000	   0.01640
1.158.000.000.000	   0.01720
1.159.000.000.000	   0.01640
1.160.000.000.000	   0.01720
1.161.000.000.000	   0.01760
1.162.000.000.000	   0.01720
1.163.000.000.000	   0.01640
1.164.000.000.000	   0.01600
1.165.000.000.000	   0.01680
1.166.000.000.000	   0.01680
1.167.000.000.000	   0.01640
1.168.000.000.000	   0.01680
1.169.000.000.000	   0.01680
1.170.000.000.000	   0.01680
1.171.000.000.000	   0.01680
1.172.000.000.000	   0.01760
1.173.000.000.000	   0.01680
1.174.000.000.000	   0.01640
1.175.000.000.000	   0.01640
1.176.000.000.000	   0.01680
1.177.000.000.000	   0.01640
1.178.000.000.000	   0.01680
1.179.000.000.000	   0.01640
1.180.000.000.000	   0.01640
1.181.000.000.000	   0.01640
1.182.000.000.000	   0.01600
1.183.000.000.000	   0.01720
1.184.000.000.000	   0.01720
1.185.000.000.000	   0.01640
1.186.000.000.000	   0.01680
1.187.000.000.000	   0.01640
1.188.000.000.000	   0.01680
1.189.000.000.000	   0.01720
1.190.000.000.000	   0.01640
1.191.000.000.000	   0.01680
1.192.000.000.000	   0.01640
1.193.000.000.000	   0.01760
1.194.000.000.000	   0.01680
1.195.000.000.000	   0.01640
1.196.000.000.000	   0.01640
1.197.000.000.000	   0.01640
1.198.000.000.000	   0.01680
1.199.000.000.000	   0.01720
1.200.000.000.000	   0.01680
1.201.000.000.000	   0.01680
1.202.000.000.000	   0.01600
1.203.000.000.000	   0.01600
1.204.000.000.000	   0.01640
1.205.000.000.000	   0.01720
1.206.000.000.000	   0.01680
1.207.000.000.000	   0.01680
1.208.000.000.000	   0.01720
1.209.000.000.000	   0.01680
1.210.000.000.000	   0.01600
1.211.000.000.000	   0.01680
1.212.000.000.000	   0.01640
1.213.000.000.000	   0.01640
1.214.000.000.000	   0.01640
1.215.000.000.000	   0.01640
1.216.000.000.000	   0.01640
1.217.000.000.000	   0.01640
1.218.000.000.000	   0.01640
1.219.000.000.000	   0.01560
1.220.000.000.000	   0.01640
1.221.000.000.000	   0.01680
1.222.000.000.000	   0.01680
1.223.000.000.000	   0.01680
1.224.000.000.000	   0.01640
1.225.000.000.000	   0.01640
1.226.000.000.000	   0.01680
1.227.000.000.000	   0.01640
1.228.000.000.000	   0.01720
1.229.000.000.000	   0.01640
1.230.000.000.000	   0.01640
1.231.000.000.000	   0.01680
1.232.000.000.000	   0.01760
1.233.000.000.000	   0.01640
1.234.000.000.000	   0.01640
1.235.000.000.000	   0.01680
1.236.000.000.000	   0.01680
1.237.000.000.000	   0.01640
1.238.000.000.000	   0.01720
1.239.000.000.000	   0.01680
1.240.000.000.000	   0.01680
1.241.000.000.000	   0.01680
1.242.000.000.000	   0.01680
1.243.000.000.000	   0.01600
1.244.000.000.000	   0.01720
1.245.000.000.000	   0.01680
1.246.000.000.000	   0.01640
1.247.000.000.000	   0.01720
1.248.000.000.000	   0.01680
1.249.000.000.000	   0.01720
1.250.000.000.000	   0.01760
1.251.000.000.000	   0.01680
1.252.000.000.000	   0.01640
1.253.000.000.000	   0.01680
1.254.000.000.000	   0.01640
1.255.000.000.000	   0.01680
1.256.000.000.000	   0.01640
1.257.000.000.000	   0.01680
1.258.000.000.000	   0.01640
1.259.000.000.000	   0.01680
1.260.000.000.000	   0.01760
1.261.000.000.000	   0.01640
1.262.000.000.000	   0.01640
1.263.000.000.000	   0.01640
1.264.000.000.000	   0.01640
1.265.000.000.000	   0.01680
1.266.000.000.000	   0.01680
1.267.000.000.000	   0.01680
1.268.000.000.000	   0.01640
1.269.000.000.000	   0.01720
1.270.000.000.000	   0.01720
1.271.000.000.000	   0.01760
1.272.000.000.000	   0.01640
1.273.000.000.000	   0.01640
1.274.000.000.000	   0.01600
1.275.000.000.000	   0.01720
1.276.000.000.000	   0.01680
1.277.000.000.000	   0.01720
1.278.000.000.000	   0.01720
1.279.000.000.000	   0.01680
1.280.000.000.000	   0.01600
1.281.000.000.000	   0.01640
1.282.000.000.000	   0.01640
1.283.000.000.000	   0.01680
1.284.000.000.000	   0.01720
1.285.000.000.000	   0.01720
1.286.000.000.000	   0.01640
1.287.000.000.000	   0.01680
1.288.000.000.000	   0.01600
1.289.000.000.000	   0.01640
1.290.000.000.000	   0.01640
1.291.000.000.000	   0.01640
1.292.000.000.000	   0.01680
1.293.000.000.000	   0.01680
1.294.000.000.000	   0.01640
1.295.000.000.000	   0.01640
1.296.000.000.000	   0.01680
1.297.000.000.000	   0.01680
1.298.000.000.000	   0.01640
1.299.000.000.000	   0.01640
1.300.000.000.000	   0.01680
1.301.000.000.000	   0.01640
1.302.000.000.000	   0.01640
1.303.000.000.000	   0.01680
1.304.000.000.000	   0.01720
1.305.000.000.000	   0.01640
1.306.000.000.000	   0.01680
1.307.000.000.000	   0.01640
1.308.000.000.000	   0.01640
1.309.000.000.000	   0.01720
1.310.000.000.000	   0.01680
1.311.000.000.000	   0.01720
1.312.000.000.000	   0.01760
1.313.000.000.000	   0.01680
1.314.000.000.000	   0.01640
1.315.000.000.000	   0.01720
1.316.000.000.000	   0.01640
1.317.000.000.000	   0.01720
1.318.000.000.000	   0.01680
1.319.000.000.000	   0.01720
1.320.000.000.000	   0.01640
1.321.000.000.000	   0.01720
1.322.000.000.000	   0.01720
1.323.000.000.000	   0.01680
1.324.000.000.000	   0.01640
1.325.000.000.000	   0.01680
1.326.000.000.000	   0.01640
1.327.000.000.000	   0.01720
1.328.000.000.000	   0.01720
1.329.000.000.000	   0.01760
1.330.000.000.000	   0.01600
1.331.000.000.000	   0.01720
1.332.000.000.000	   0.01640
1.333.000.000.000	   0.01600
1.334.000.000.000	   0.01680
1.335.000.000.000	   0.01640
1.336.000.000.000	   0.01720
1.337.000.000.000	  -0.01560
1.338.000.000.000	  -0.01680
1.339.000.000.000	  -0.01680
1.340.000.000.000	  -0.01680
1.341.000.000.000	  -0.01640
1.342.000.000.000	  -0.01760
1.343.000.000.000	  -0.01640
1.344.000.000.000	  -0.01760
1.345.000.000.000	  -0.01600
1.346.000.000.000	  -0.01680
1.347.000.000.000	  -0.01720
1.348.000.000.000	  -0.01720
1.349.000.000.000	  -0.01640
1.350.000.000.000	  -0.01720
1.351.000.000.000	  -0.01760
1.352.000.000.000	  -0.01680
1.353.000.000.000	  -0.01640
1.354.000.000.000	  -0.01640
1.355.000.000.000	  -0.01720
1.356.000.000.000	  -0.01760
1.357.000.000.000	  -0.01720
1.358.000.000.000	  -0.01640
1.359.000.000.000	  -0.01560
1.360.000.000.000	  -0.01680
1.361.000.000.000	  -0.01680
1.362.000.000.000	  -0.01680
1.363.000.000.000	  -0.01680
1.364.000.000.000	  -0.01680
1.365.000.000.000	  -0.01560
1.366.000.000.000	  -0.01640
1.367.000.000.000	  -0.01720
1.368.000.000.000	  -0.01680
1.369.000.000.000	  -0.01600
1.370.000.000.000	  -0.01720
1.371.000.000.000	  -0.01680
1.372.000.000.000	  -0.01680
1.373.000.000.000	  -0.01680
1.374.000.000.000	  -0.01640
1.375.000.000.000	  -0.01680
1.376.000.000.000	  -0.01640
1.377.000.000.000	  -0.01680
1.378.000.000.000	  -0.01720
1.379.000.000.000	  -0.01680
1.380.000.000.000	  -0.01680
1.381.000.000.000	  -0.01760
1.382.000.000.000	  -0.01680
1.383.000.000.000	  -0.01680
1.384.000.000.000	  -0.01680
1.385.000.000.000	  -0.01600
1.386.000.000.000	  -0.01760
1.387.000.000.000	  -0.01640
1.388.000.000.000	  -0.01640
1.389.000.000.000	  -0.01600
1.390.000.000.000	  -0.01640
1.391.000.000.000	  -0.01720
1.392.000.000.000	  -0.01640
1.393.000.000.000	  -0.01720
1.394.000.000.000	  -0.01680
1.395.000.000.000	  -0.01640
1.396.000.000.000	  -0.01640
1.397.000.000.000	  -0.01680
1.398.000.000.000	  -0.01640
1.399.000.000.000	  -0.01720
1.400.000.000.000	  -0.01720
1.401.000.000.000	  -0.01720
1.402.000.000.000	  -0.01680
1.403.000.000.000	  -0.01680
1.404.000.000.000	  -0.01680
1.405.000.000.000	  -0.01680
1.406.000.000.000	  -0.01640
1.407.000.000.000	  -0.01640
1.408.000.000.000	  -0.01640
1.409.000.000.000	  -0.01680
1.410.000.000.000	  -0.01680
1.411.000.000.000	  -0.01680
1.412.000.000.000	  -0.01640
1.413.000.000.000	  -0.01640
1.414.000.000.000	  -0.01640
1.415.000.000.000	  -0.01640
1.416.000.000.000	  -0.01680
1.417.000.000.000	  -0.01720
1.418.000.000.000	  -0.01680
1.419.000.000.000	  -0.01760
1.420.000.000.000	  -0.01680
1.421.000.000.000	  -0.01640
1.422.000.000.000	  -0.01680
1.423.000.000.000	  -0.01680
1.424.000.000.000	  -0.01680
1.425.000.000.000	  -0.01680
1.426.000.000.000	  -0.01680
1.427.000.000.000	  -0.01680
1.428.000.000.000	  -0.01680
1.429.000.000.000	  -0.01720
1.430.000.000.000	  -0.01680
1.431.000.000.000	  -0.01640
1.432.000.000.000	  -0.01640
1.433.000.000.000	  -0.01680
1.434.000.000.000	  -0.01640
1.435.000.000.000	  -0.01600
1.436.000.000.000	  -0.01640
1.437.000.000.000	  -0.01640
1.438.000.000.000	  -0.01680
1.439.000.000.000	  -0.01680
1.440.000.000.000	  -0.01600
1.441.000.000.000	  -0.01680
1.442.000.000.000	  -0.01640
1.443.000.000.000	  -0.01680
1.444.000.000.000	  -0.01600
1.445.000.000.000	  -0.01720
1.446.000.000.000	  -0.01720
1.447.000.000.000	  -0.01680
1.448.000.000.000	  -0.01680
1.449.000.000.000	  -0.01600
1.450.000.000.000	  -0.01680
1.451.000.000.000	  -0.01640
1.452.000.000.000	  -0.01640
1.453.000.000.000	  -0.01680
1.454.000.000.000	  -0.01680
1.455.000.000.000	  -0.01640
1.456.000.000.000	  -0.01640
1.457.000.000.000	  -0.01640
1.458.000.000.000	  -0.01720
1.459.000.000.000	  -0.01720
1.460.000.000.000	  -0.01720
1.461.000.000.000	  -0.01720
1.462.000.000.000	  -0.01680
1.463.000.000.000	  -0.01720
1.464.000.000.000	  -0.01720
1.465.000.000.000	  -0.01640
1.466.000.000.000	  -0.01640
1.467.000.000.000	  -0.01600
1.468.000.000.000	  -0.01680
1.469.000.000.000	  -0.01760
1.470.000.000.000	  -0.01680
1.471.000.000.000	  -0.01680
1.472.000.000.000	  -0.01600
1.473.000.000.000	  -0.01720
1.474.000.000.000	  -0.01640
1.475.000.000.000	  -0.01680
1.476.000.000.000	  -0.01600
1.477.000.000.000	  -0.01680
1.478.000.000.000	  -0.01720
1.479.000.000.000	  -0.01680
1.480.000.000.000	  -0.01680
1.481.000.000.000	  -0.01680
1.482.000.000.000	  -0.01640
1.483.000.000.000	  -0.01680
1.484.000.000.000	  -0.01640
1.485.000.000.000	  -0.01720
1.486.000.000.000	  -0.01640
1.487.000.000.000	  -0.01640
1.488.000.000.000	  -0.01680
1.489.000.000.000	  -0.01680
1.490.000.000.000	  -0.01720
1.491.000.000.000	  -0.01680
1.492.000.000.000	  -0.01640
1.493.000.000.000	  -0.01720
1.494.000.000.000	  -0.01720
1.495.000.000.000	  -0.01680
1.496.000.000.000	  -0.01680
1.497.000.000.000	  -0.01640
1.498.000.000.000	  -0.01720
1.499.000.000.000	  -0.01720
1.500.000.000.000	  -0.01720
1.501.000.000.000	  -0.01680
1.502.000.000.000	  -0.01680
1.503.000.000.000	  -0.01680
1.504.000.000.000	  -0.01720
1.505.000.000.000	  -0.01640
1.506.000.000.000	  -0.01640
1.507.000.000.000	  -0.01680
1.508.000.000.000	  -0.01720
1.509.000.000.000	  -0.01640
1.510.000.000.000	  -0.01720
1.511.000.000.000	  -0.01640
1.512.000.000.000	  -0.01640
1.513.000.000.000	  -0.01680
1.514.000.000.000	  -0.01720
1.515.000.000.000	  -0.01720
1.516.000.000.000	  -0.01680
1.517.000.000.000	  -0.01760
1.518.000.000.000	  -0.01680
1.519.000.000.000	  -0.01720
1.520.000.000.000	  -0.01640
1.521.000.000.000	  -0.01680
1.522.000.000.000	  -0.01640
1.523.000.000.000	  -0.01600
1.524.000.000.000	  -0.01680
1.525.000.000.000	  -0.01640
1.526.000.000.000	  -0.01640
1.527.000.000.000	  -0.01680
1.528.000.000.000	  -0.01640
1.529.000.000.000	  -0.01640
1.530.000.000.000	  -0.01720
1.531.000.000.000	  -0.01680
1.532.000.000.000	  -0.01640
1.533.000.000.000	  -0.01720
1.534.000.000.000	  -0.01560
1.535.000.000.000	  -0.01720
1.536.000.000.000	  -0.01680
1.537.000.000.000	  -0.01680
1.538.000.000.000	  -0.01680
1.539.000.000.000	  -0.01640
1.540.000.000.000	  -0.01680
1.541.000.000.000	  -0.01680
1.542.000.000.000	  -0.01720
1.543.000.000.000	  -0.01760
1.544.000.000.000	  -0.01640
1.545.000.000.000	  -0.01680
1.546.000.000.000	  -0.01640
1.547.000.000.000	  -0.01680
1.548.000.000.000	  -0.01560
1.549.000.000.000	  -0.01640
1.550.000.000.000	  -0.01680
1.551.000.000.000	  -0.01680
1.552.000.000.000	  -0.01680
1.553.000.000.000	  -0.01720
1.554.000.000.000	  -0.01680
1.555.000.000.000	  -0.01720
1.556.000.000.000	  -0.01680
1.557.000.000.000	  -0.01760
1.558.000.000.000	  -0.01600
1.559.000.000.000	  -0.01760
1.560.000.000.000	  -0.01680
1.561.000.000.000	  -0.01720
1.562.000.000.000	  -0.01640
1.563.000.000.000	  -0.01640
1.564.000.000.000	  -0.01600
1.565.000.000.000	  -0.01680
1.566.000.000.000	  -0.01640
1.567.000.000.000	  -0.01640
1.568.000.000.000	  -0.01600
1.569.000.000.000	  -0.01640
1.570.000.000.000	  -0.01680
1.571.000.000.000	  -0.01680
1.572.000.000.000	  -0.01680
1.573.000.000.000	  -0.01640
1.574.000.000.000	  -0.01680
1.575.000.000.000	  -0.01720
1.576.000.000.000	  -0.01720
1.577.000.000.000	  -0.01680
1.578.000.000.000	  -0.01720
1.579.000.000.000	  -0.01680
1.580.000.000.000	  -0.01720
1.581.000.000.000	  -0.01680
1.582.000.000.000	  -0.01680
1.583.000.000.000	  -0.01760
1.584.000.000.000	  -0.01640
1.585.000.000.000	  -0.01640
1.586.000.000.000	  -0.01720
1.587.000.000.000	  -0.01680
1.588.000.000.000	  -0.01640
1.589.000.000.000	  -0.01680
1.590.000.000.000	  -0.01680
1.591.000.000.000	  -0.01640
1.592.000.000.000	  -0.01640
1.593.000.000.000	  -0.01760
1.594.000.000.000	  -0.01640
1.595.000.000.000	  -0.01720
1.596.000.000.000	  -0.01760
1.597.000.000.000	  -0.01680
1.598.000.000.000	  -0.01640
1.599.000.000.000	  -0.01640
1.600.000.000.000	  -0.01640
1.601.000.000.000	  -0.01720
1.602.000.000.000	  -0.01680
1.603.000.000.000	  -0.01640
1.604.000.000.000	  -0.01720
1.605.000.000.000	  -0.01720
1.606.000.000.000	  -0.01640
1.607.000.000.000	  -0.01680
1.608.000.000.000	  -0.01720
1.609.000.000.000	  -0.01720
1.610.000.000.000	  -0.01680
1.611.000.000.000	  -0.01640
1.612.000.000.000	  -0.01680
1.613.000.000.000	  -0.01680
1.614.000.000.000	  -0.01680
1.615.000.000.000	  -0.01600
1.616.000.000.000	  -0.01680
1.617.000.000.000	  -0.01760
1.618.000.000.000	  -0.01760
1.619.000.000.000	  -0.01720
1.620.000.000.000	  -0.01680
1.621.000.000.000	  -0.01640
1.622.000.000.000	  -0.01680
1.623.000.000.000	  -0.01680
1.624.000.000.000	  -0.01680
1.625.000.000.000	  -0.01720
1.626.000.000.000	  -0.01680
1.627.000.000.000	  -0.01720
1.628.000.000.000	  -0.01640
1.629.000.000.000	  -0.01640
1.630.000.000.000	  -0.01720
1.631.000.000.000	  -0.01680
1.632.000.000.000	  -0.01680
1.633.000.000.000	  -0.01640
1.634.000.000.000	  -0.01680
1.635.000.000.000	  -0.01640
1.636.000.000.000	  -0.01640
1.637.000.000.000	  -0.01640
1.638.000.000.000	  -0.01680
1.639.000.000.000	  -0.01720
1.640.000.000.000	  -0.01640
1.641.000.000.000	  -0.01680
1.642.000.000.000	  -0.01640
1.643.000.000.000	  -0.01640
1.644.000.000.000	  -0.01640
1.645.000.000.000	  -0.01720
1.646.000.000.000	  -0.01600
1.647.000.000.000	  -0.01680
1.648.000.000.000	  -0.01600
1.649.000.000.000	  -0.01640
1.650.000.000.000	  -0.01640
1.651.000.000.000	  -0.01760
1.652.000.000.000	  -0.01680
1.653.000.000.000	  -0.01640
1.654.000.000.000	  -0.01680
1.655.000.000.000	  -0.01640
1.656.000.000.000	  -0.01640
1.657.000.000.000	  -0.01600
1.658.000.000.000	  -0.01760
1.659.000.000.000	  -0.01720
1.660.000.000.000	  -0.01720
1.661.000.000.000	  -0.01600
1.662.000.000.000	  -0.01640
1.663.000.000.000	  -0.01640
1.664.000.000.000	  -0.01680
1.665.000.000.000	  -0.01680
1.666.000.000.000	  -0.01680
1.667.000.000.000	  -0.01720
1.668.000.000.000	  -0.01640
1.669.000.000.000	  -0.01640
1.670.000.000.000	  -0.01640
1.671.000.000.000	  -0.01640
1.672.000.000.000	  -0.01600
1.673.000.000.000	  -0.01640
1.674.000.000.000	  -0.01680
1.675.000.000.000	  -0.01680
1.676.000.000.000	  -0.01680
1.677.000.000.000	  -0.01720
1.678.000.000.000	  -0.01640
1.679.000.000.000	  -0.01680
1.680.000.000.000	  -0.01680
1.681.000.000.000	  -0.01640
1.682.000.000.000	  -0.01720
1.683.000.000.000	  -0.01680
1.684.000.000.000	  -0.01680
1.685.000.000.000	  -0.01680
1.686.000.000.000	  -0.01600
1.687.000.000.000	  -0.01680
1.688.000.000.000	  -0.01640
1.689.000.000.000	  -0.01680
1.690.000.000.000	  -0.01640
1.691.000.000.000	  -0.01720
1.692.000.000.000	  -0.01600
1.693.000.000.000	  -0.01680
1.694.000.000.000	  -0.01640
1.695.000.000.000	  -0.01640
1.696.000.000.000	  -0.01760
1.697.000.000.000	  -0.01640
1.698.000.000.000	  -0.01720
1.699.000.000.000	  -0.01640
1.700.000.000.000	  -0.01680
1.701.000.000.000	  -0.01640
1.702.000.000.000	  -0.01680
1.703.000.000.000	  -0.01640
1.704.000.000.000	  -0.01720
1.705.000.000.000	  -0.01680
1.706.000.000.000	  -0.01640
1.707.000.000.000	  -0.01640
1.708.000.000.000	  -0.01640
1.709.000.000.000	  -0.01640
1.710.000.000.000	  -0.01640
1.711.000.000.000	  -0.01720
1.712.000.000.000	  -0.01600
1.713.000.000.000	  -0.01680
1.714.000.000.000	  -0.01640
1.715.000.000.000	  -0.01680
1.716.000.000.000	  -0.01680
1.717.000.000.000	  -0.01680
1.718.000.000.000	  -0.01640
1.719.000.000.000	  -0.01600
1.720.000.000.000	  -0.01560
1.721.000.000.000	  -0.01680
1.722.000.000.000	  -0.01680
1.723.000.000.000	  -0.01760
1.724.000.000.000	  -0.01720
1.725.000.000.000	  -0.01600
1.726.000.000.000	  -0.01720
1.727.000.000.000	  -0.01680
1.728.000.000.000	  -0.01640
1.729.000.000.000	  -0.01720
1.730.000.000.000	  -0.01680
1.731.000.000.000	  -0.01720
1.732.000.000.000	  -0.01640
1.733.000.000.000	  -0.01640
1.734.000.000.000	  -0.01640
1.735.000.000.000	  -0.01640
1.736.000.000.000	  -0.01680
1.737.000.000.000	  -0.01720
1.738.000.000.000	  -0.01720
1.739.000.000.000	  -0.01640
1.740.000.000.000	  -0.01760
1.741.000.000.000	  -0.01680
1.742.000.000.000	  -0.01680
1.743.000.000.000	  -0.01760
1.744.000.000.000	  -0.01640
1.745.000.000.000	  -0.01680
1.746.000.000.000	  -0.01680
1.747.000.000.000	  -0.01680
1.748.000.000.000	  -0.01680
1.749.000.000.000	  -0.01680
1.750.000.000.000	  -0.01680
1.751.000.000.000	  -0.01680
1.752.000.000.000	  -0.01640
1.753.000.000.000	  -0.01640
1.754.000.000.000	  -0.01680
1.755.000.000.000	  -0.01720
1.756.000.000.000	  -0.01640
1.757.000.000.000	  -0.01680
1.758.000.000.000	  -0.01640
1.759.000.000.000	  -0.01600
1.760.000.000.000	  -0.01640
1.761.000.000.000	  -0.01720
1.762.000.000.000	  -0.01640
1.763.000.000.000	  -0.01680
1.764.000.000.000	  -0.01680
1.765.000.000.000	  -0.01760
1.766.000.000.000	  -0.01720
1.767.000.000.000	  -0.01640
1.768.000.000.000	  -0.01640
1.769.000.000.000	  -0.01640
1.770.000.000.000	  -0.01720
1.771.000.000.000	  -0.01680
1.772.000.000.000	  -0.01640
1.773.000.000.000	  -0.01680
1.774.000.000.000	  -0.01680
1.775.000.000.000	  -0.01640
1.776.000.000.000	  -0.01680
1.777.000.000.000	  -0.01720
1.778.000.000.000	  -0.01640
1.779.000.000.000	  -0.01720
1.780.000.000.000	  -0.01600
1.781.000.000.000	  -0.01640
1.782.000.000.000	  -0.01640
1.783.000.000.000	  -0.01680
1.784.000.000.000	  -0.01720
1.785.000.000.000	  -0.01640
1.786.000.000.000	  -0.01680
1.787.000.000.000	  -0.01680
1.788.000.000.000	  -0.01640
1.789.000.000.000	  -0.01680
1.790.000.000.000	  -0.01600
1.791.000.000.000	  -0.01640
1.792.000.000.000	  -0.01680
1.793.000.000.000	  -0.01640
1.794.000.000.000	  -0.01680
1.795.000.000.000	  -0.01760
1.796.000.000.000	  -0.01640
1.797.000.000.000	  -0.01640
1.798.000.000.000	  -0.01680
1.799.000.000.000	  -0.01720
1.800.000.000.000	  -0.01640
1.801.000.000.000	  -0.01640
1.802.000.000.000	  -0.01640
1.803.000.000.000	  -0.01760
1.804.000.000.000	  -0.01640
1.805.000.000.000	  -0.01640
1.806.000.000.000	  -0.01680
1.807.000.000.000	  -0.01720
1.808.000.000.000	  -0.01680
1.809.000.000.000	  -0.01760
1.810.000.000.000	  -0.01680
1.811.000.000.000	  -0.01640
1.812.000.000.000	  -0.01680
1.813.000.000.000	  -0.01720
1.814.000.000.000	  -0.01680
1.815.000.000.000	  -0.01720
1.816.000.000.000	  -0.01640
1.817.000.000.000	  -0.01640
1.818.000.000.000	  -0.01640
1.819.000.000.000	  -0.01720
1.820.000.000.000	  -0.01720
1.821.000.000.000	  -0.01720
1.822.000.000.000	  -0.01720
1.823.000.000.000	  -0.01680
1.824.000.000.000	  -0.01720
1.825.000.000.000	  -0.01720
1.826.000.000.000	  -0.01720
1.827.000.000.000	  -0.01680
1.828.000.000.000	  -0.01720
1.829.000.000.000	  -0.01640
1.830.000.000.000	  -0.01720
1.831.000.000.000	  -0.01640
1.832.000.000.000	  -0.01640
1.833.000.000.000	  -0.01680
1.834.000.000.000	  -0.01680
1.835.000.000.000	  -0.01720
1.836.000.000.000	  -0.01640
1.837.000.000.000	   0.01640
1.838.000.000.000	   0.01680
1.839.000.000.000	   0.01680
1.840.000.000.000	   0.01640
1.841.000.000.000	   0.01680
1.842.000.000.000	   0.01640
1.843.000.000.000	   0.01640
1.844.000.000.000	   0.01720
1.845.000.000.000	   0.01640
1.846.000.000.000	   0.01720
1.847.000.000.000	   0.01720
1.848.000.000.000	   0.01720
1.849.000.000.000	   0.01640
1.850.000.000.000	   0.01680
1.851.000.000.000	   0.01640
1.852.000.000.000	   0.01640
1.853.000.000.000	   0.01720
1.854.000.000.000	   0.01680
1.855.000.000.000	   0.01640
1.856.000.000.000	   0.01680
1.857.000.000.000	   0.01680
1.858.000.000.000	   0.01720
1.859.000.000.000	   0.01680
1.860.000.000.000	   0.01720
1.861.000.000.000	   0.01680
1.862.000.000.000	   0.01640
1.863.000.000.000	   0.01640
1.864.000.000.000	   0.01680
1.865.000.000.000	   0.01640
1.866.000.000.000	   0.01680
1.867.000.000.000	   0.01680
1.868.000.000.000	   0.01680
1.869.000.000.000	   0.01600
1.870.000.000.000	   0.01720
1.871.000.000.000	   0.01720
1.872.000.000.000	   0.01600
1.873.000.000.000	   0.01640
1.874.000.000.000	   0.01640
1.875.000.000.000	   0.01640
1.876.000.000.000	   0.01640
1.877.000.000.000	   0.01640
1.878.000.000.000	   0.01640
1.879.000.000.000	   0.01640
1.880.000.000.000	   0.01640
1.881.000.000.000	   0.01680
1.882.000.000.000	   0.01600
1.883.000.000.000	   0.01640
1.884.000.000.000	   0.01720
1.885.000.000.000	   0.01640
1.886.000.000.000	   0.01720
1.887.000.000.000	   0.01640
1.888.000.000.000	   0.01640
1.889.000.000.000	   0.01800
1.890.000.000.000	   0.01720
1.891.000.000.000	   0.01600
1.892.000.000.000	   0.01680
1.893.000.000.000	   0.01680
1.894.000.000.000	   0.01680
1.895.000.000.000	   0.01640
1.896.000.000.000	   0.01640
1.897.000.000.000	   0.01520
1.898.000.000.000	   0.01680
1.899.000.000.000	   0.01720
1.900.000.000.000	   0.01680
1.901.000.000.000	   0.01600
1.902.000.000.000	   0.01680
1.903.000.000.000	   0.01760
1.904.000.000.000	   0.01640
1.905.000.000.000	   0.01600
1.906.000.000.000	   0.01640
1.907.000.000.000	   0.01640
1.908.000.000.000	   0.01680
1.909.000.000.000	   0.01680
1.910.000.000.000	   0.01640
1.911.000.000.000	   0.01720
1.912.000.000.000	   0.01680
1.913.000.000.000	   0.01720
1.914.000.000.000	   0.01680
1.915.000.000.000	   0.01600
1.916.000.000.000	   0.01640
1.917.000.000.000	   0.01680
1.918.000.000.000	   0.01640
1.919.000.000.000	   0.01640
1.920.000.000.000	   0.01680
1.921.000.000.000	   0.01720
1.922.000.000.000	   0.01600
1.923.000.000.000	   0.01600
1.924.000.000.000	   0.01640
1.925.000.000.000	   0.01680
1.926.000.000.000	   0.01680
1.927.000.000.000	   0.01640
1.928.000.000.000	   0.01640
1.929.000.000.000	   0.01680
1.930.000.000.000	   0.01640
1.931.000.000.000	   0.01640
1.932.000.000.000	   0.01640
1.933.000.000.000	   0.01680
1.934.000.000.000	   0.01680
1.935.000.000.000	   0.01720
1.936.000.000.000	   0.01720
1.937.000.000.000	   0.01680
1.938.000.000.000	   0.01680
1.939.000.000.000	   0.01680
1.940.000.000.000	   0.01680
1.941.000.000.000	   0.01680
1.942.000.000.000	   0.01680
1.943.000.000.000	   0.01680
1.944.000.000.000	   0.01640
1.945.000.000.000	   0.01680
1.946.000.000.000	   0.01640
1.947.000.000.000	   0.01720
1.948.000.000.000	   0.01720
1.949.000.000.000	   0.01680
1.950.000.000.000	   0.01640
1.951.000.000.000	   0.01760
1.952.000.000.000	   0.01720
1.953.000.000.000	   0.01720
1.954.000.000.000	   0.01640
1.955.000.000.000	   0.01680
1.956.000.000.000	   0.01680
1.957.000.000.000	   0.01600
1.958.000.000.000	   0.01680
1.959.000.000.000	   0.01720
1.960.000.000.000	   0.01640
1.961.000.000.000	   0.01680
1.962.000.000.000	   0.01640
1.963.000.000.000	   0.01560
1.964.000.000.000	   0.01640
1.965.000.000.000	   0.01720
1.966.000.000.000	   0.01640
1.967.000.000.000	   0.01640
1.968.000.000.000	   0.01680
1.969.000.000.000	   0.01640
1.970.000.000.000	   0.01640
1.971.000.000.000	   0.01680
1.972.000.000.000	   0.01720
1.973.000.000.000	   0.01640
1.974.000.000.000	   0.01640
1.975.000.000.000	   0.01680
1.976.000.000.000	   0.01640
1.977.000.000.000	   0.01680
1.978.000.000.000	   0.01640
1.979.000.000.000	   0.01640
1.980.000.000.000	   0.01640
1.981.000.000.000	   0.01600
1.982.000.000.000	   0.01680
1.983.000.000.000	   0.01680
1.984.000.000.000	   0.01680
1.985.000.000.000	   0.01720
1.986.000.000.000	   0.01680
1.987.000.000.000	   0.01640
1.988.000.000.000	   0.01640
1.989.000.000.000	   0.01680
1.990.000.000.000	   0.01680
1.991.000.000.000	   0.01720
1.992.000.000.000	   0.01680
1.993.000.000.000	   0.01640
1.994.000.000.000	   0.01680
1.995.000.000.000	   0.01680
1.996.000.000.000	   0.01640
1.997.000.000.000	   0.01640
1.998.000.000.000	   0.01640
1.999.000.000.000	   0.01560
2.000.000.000.000	   0.01760
2.001.000.000.000	   0.01640
2.002.000.000.000	   0.01640
2.003.000.000.000	   0.01640
2.004.000.000.000	   0.01640
2.005.000.000.000	   0.01720
2.006.000.000.000	   0.01640
2.007.000.000.000	   0.01600
2.008.000.000.000	   0.01720
2.009.000.000.000	   0.01680
2.010.000.000.000	   0.01680
2.011.000.000.000	   0.01640
2.012.000.000.000	   0.01640
2.013.000.000.000	   0.01640
2.014.000.000.000	   0.01680
2.015.000.000.000	   0.01680
2.016.000.000.000	   0.01640
2.017.000.000.000	   0.01680
2.018.000.000.000	   0.01720
2.019.000.000.000	   0.01640
2.020.000.000.000	   0.01600
2.021.000.000.000	   0.01680
2.022.000.000.000	   0.01640
2.023.000.000.000	   0.01680
2.024.000.000.000	   0.01680
2.025.000.000.000	   0.01680
2.026.000.000.000	   0.01720
2.027.000.000.000	   0.01640
2.028.000.000.000	   0.01640
2.029.000.000.000	   0.01640
2.030.000.000.000	   0.01680
2.031.000.000.000	   0.01680
2.032.000.000.000	   0.01680
2.033.000.000.000	   0.01640
2.034.000.000.000	   0.01720
2.035.000.000.000	   0.01720
2.036.000.000.000	   0.01680
2.037.000.000.000	   0.01680
2.038.000.000.000	   0.01720
2.039.000.000.000	   0.01640
2.040.000.000.000	   0.01680
2.041.000.000.000	   0.01760
2.042.000.000.000	   0.01680
2.043.000.000.000	   0.01680
2.044.000.000.000	   0.01680
2.045.000.000.000	   0.01640
2.046.000.000.000	   0.01680
2.047.000.000.000	   0.01640
2.048.000.000.000	   0.01640
2.049.000.000.000	   0.01640
2.050.000.000.000	   0.01680
2.051.000.000.000	   0.01720
2.052.000.000.000	   0.01760
2.053.000.000.000	   0.01680
2.054.000.000.000	   0.01720
2.055.000.000.000	   0.01760
2.056.000.000.000	   0.01680
2.057.000.000.000	   0.01720
2.058.000.000.000	   0.01640
2.059.000.000.000	   0.01680
2.060.000.000.000	   0.01640
2.061.000.000.000	   0.01720
2.062.000.000.000	   0.01600
2.063.000.000.000	   0.01680
2.064.000.000.000	   0.01680
2.065.000.000.000	   0.01680
2.066.000.000.000	   0.01680
2.067.000.000.000	   0.01640
2.068.000.000.000	   0.01680
2.069.000.000.000	   0.01680
2.070.000.000.000	   0.01640
2.071.000.000.000	   0.01640
2.072.000.000.000	   0.01680
2.073.000.000.000	   0.01680
2.074.000.000.000	   0.01640
2.075.000.000.000	   0.01640
2.076.000.000.000	   0.01640
2.077.000.000.000	   0.01760
2.078.000.000.000	   0.01640
2.079.000.000.000	   0.01680
2.080.000.000.000	   0.01640
2.081.000.000.000	   0.01640
2.082.000.000.000	   0.01640
2.083.000.000.000	   0.01680
2.084.000.000.000	   0.01640
2.085.000.000.000	   0.01640
2.086.000.000.000	   0.01640
2.087.000.000.000	   0.01640
2.088.000.000.000	   0.01680
2.089.000.000.000	   0.01680
2.090.000.000.000	   0.01680
2.091.000.000.000	   0.01760
2.092.000.000.000	   0.01640
2.093.000.000.000	   0.01680
2.094.000.000.000	   0.01680
2.095.000.000.000	   0.01640
2.096.000.000.000	   0.01640
2.097.000.000.000	   0.01720
2.098.000.000.000	   0.01640
2.099.000.000.000	   0.01640
2.100.000.000.000	   0.01680
2.101.000.000.000	   0.01720
2.102.000.000.000	   0.01720
2.103.000.000.000	   0.01640
2.104.000.000.000	   0.01640
2.105.000.000.000	   0.01640
2.106.000.000.000	   0.01680
2.107.000.000.000	   0.01680
2.108.000.000.000	   0.01720
2.109.000.000.000	   0.01640
2.110.000.000.000	   0.01640
2.111.000.000.000	   0.01680
2.112.000.000.000	   0.01680
2.113.000.000.000	   0.01640
2.114.000.000.000	   0.01640
2.115.000.000.000	   0.01760
2.116.000.000.000	   0.01680
2.117.000.000.000	   0.01640
2.118.000.000.000	   0.01720
2.119.000.000.000	   0.01640
2.120.000.000.000	   0.01680
2.121.000.000.000	   0.01680
2.122.000.000.000	   0.01680
2.123.000.000.000	   0.01600
2.124.000.000.000	   0.01640
2.125.000.000.000	   0.01640
2.126.000.000.000	   0.01640
2.127.000.000.000	   0.01600
2.128.000.000.000	   0.01760
2.129.000.000.000	   0.01680
2.130.000.000.000	   0.01600
2.131.000.000.000	   0.01640
2.132.000.000.000	   0.01600
2.133.000.000.000	   0.01680
2.134.000.000.000	   0.01600
2.135.000.000.000	   0.01680
2.136.000.000.000	   0.01680
2.137.000.000.000	   0.01640
2.138.000.000.000	   0.01640
2.139.000.000.000	   0.01600
2.140.000.000.000	   0.01680
2.141.000.000.000	   0.01640
2.142.000.000.000	   0.01720
2.143.000.000.000	   0.01680
2.144.000.000.000	   0.01680
2.145.000.000.000	   0.01640
2.146.000.000.000	   0.01680
2.147.000.000.000	   0.01680
2.148.000.000.000	   0.01720
2.149.000.000.000	   0.01720
2.150.000.000.000	   0.01680
2.151.000.000.000	   0.01680
2.152.000.000.000	   0.01720
2.153.000.000.000	   0.01600
2.154.000.000.000	   0.01680
2.155.000.000.000	   0.01640
2.156.000.000.000	   0.01640
2.157.000.000.000	   0.01680
2.158.000.000.000	   0.01640
2.159.000.000.000	   0.01720
2.160.000.000.000	   0.01680
2.161.000.000.000	   0.01720
2.162.000.000.000	   0.01640
2.163.000.000.000	   0.01640
2.164.000.000.000	   0.01680
2.165.000.000.000	   0.01640
2.166.000.000.000	   0.01720
2.167.000.000.000	   0.01640
2.168.000.000.000	   0.01680
2.169.000.000.000	   0.01640
2.170.000.000.000	   0.01520
2.171.000.000.000	   0.01640
2.172.000.000.000	   0.01640
2.173.000.000.000	   0.01640
2.174.000.000.000	   0.01640
2.175.000.000.000	   0.01680
2.176.000.000.000	   0.01640
2.177.000.000.000	   0.01600
2.178.000.000.000	   0.01680
2.179.000.000.000	   0.01720
2.180.000.000.000	   0.01760
2.181.000.000.000	   0.01760
2.182.000.000.000	   0.01720
2.183.000.000.000	   0.01640
2.184.000.000.000	   0.01680
2.185.000.000.000	   0.01640
2.186.000.000.000	   0.01680
2.187.000.000.000	   0.01640
2.188.000.000.000	   0.01640
2.189.000.000.000	   0.01680
2.190.000.000.000	   0.01680
2.191.000.000.000	   0.01760
2.192.000.000.000	   0.01680
2.193.000.000.000	   0.01680
2.194.000.000.000	   0.01720
2.195.000.000.000	   0.01760
2.196.000.000.000	   0.01720
2.197.000.000.000	   0.01680
2.198.000.000.000	   0.01680
2.199.000.000.000	   0.01680
2.200.000.000.000	   0.01680
2.201.000.000.000	   0.01720
2.202.000.000.000	   0.01680
2.203.000.000.000	   0.01640
2.204.000.000.000	   0.01680
2.205.000.000.000	   0.01680
2.206.000.000.000	   0.01640
2.207.000.000.000	   0.01680
2.208.000.000.000	   0.01680
2.209.000.000.000	   0.01600
2.210.000.000.000	   0.01640
2.211.000.000.000	   0.01600
2.212.000.000.000	   0.01720
2.213.000.000.000	   0.01680
2.214.000.000.000	   0.01640
2.215.000.000.000	   0.01680
2.216.000.000.000	   0.01720
2.217.000.000.000	   0.01640
2.218.000.000.000	   0.01640
2.219.000.000.000	   0.01680
2.220.000.000.000	   0.01760
2.221.000.000.000	   0.01640
2.222.000.000.000	   0.01600
2.223.000.000.000	   0.01680
2.224.000.000.000	   0.01760
2.225.000.000.000	   0.01720
2.226.000.000.000	   0.01720
2.227.000.000.000	   0.01600
2.228.000.000.000	   0.01640
2.229.000.000.000	   0.01640
2.230.000.000.000	   0.01680
2.231.000.000.000	   0.01640
2.232.000.000.000	   0.01680
2.233.000.000.000	   0.01680
2.234.000.000.000	   0.01640
2.235.000.000.000	   0.01640
2.236.000.000.000	   0.01720
2.237.000.000.000	   0.01640
2.238.000.000.000	   0.01680
2.239.000.000.000	   0.01640
2.240.000.000.000	   0.01640
2.241.000.000.000	   0.01680
2.242.000.000.000	   0.01640
2.243.000.000.000	   0.01680
2.244.000.000.000	   0.01640
2.245.000.000.000	   0.01680
2.246.000.000.000	   0.01600
2.247.000.000.000	   0.01640
2.248.000.000.000	   0.01680
2.249.000.000.000	   0.01640
2.250.000.000.000	   0.01600
2.251.000.000.000	   0.01680
2.252.000.000.000	   0.01720
2.253.000.000.000	   0.01680
2.254.000.000.000	   0.01640
2.255.000.000.000	   0.01680
2.256.000.000.000	   0.01640
2.257.000.000.000	   0.01640
2.258.000.000.000	   0.01680
2.259.000.000.000	   0.01640
2.260.000.000.000	   0.01680
2.261.000.000.000	   0.01680
2.262.000.000.000	   0.01720
2.263.000.000.000	   0.01640
2.264.000.000.000	   0.01640
2.265.000.000.000	   0.01680
2.266.000.000.000	   0.01680
2.267.000.000.000	   0.01640
2.268.000.000.000	   0.01640
2.269.000.000.000	   0.01680
2.270.000.000.000	   0.01640
2.271.000.000.000	   0.01680
2.272.000.000.000	   0.01680
2.273.000.000.000	   0.01680
2.274.000.000.000	   0.01600
2.275.000.000.000	   0.01720
2.276.000.000.000	   0.01640
2.277.000.000.000	   0.01680
2.278.000.000.000	   0.01680
2.279.000.000.000	   0.01600
2.280.000.000.000	   0.01760
2.281.000.000.000	   0.01640
2.282.000.000.000	   0.01680
2.283.000.000.000	   0.01720
2.284.000.000.000	   0.01640
2.285.000.000.000	   0.01720
2.286.000.000.000	   0.01680
2.287.000.000.000	   0.01680
2.288.000.000.000	   0.01720
2.289.000.000.000	   0.01640
2.290.000.000.000	   0.01640
2.291.000.000.000	   0.01640
2.292.000.000.000	   0.01720
2.293.000.000.000	   0.01680
2.294.000.000.000	   0.01680
2.295.000.000.000	   0.01640
2.296.000.000.000	   0.01600
2.297.000.000.000	   0.01600
2.298.000.000.000	   0.01600
2.299.000.000.000	   0.01680
2.300.000.000.000	   0.01640
2.301.000.000.000	   0.01680
2.302.000.000.000	   0.01720
2.303.000.000.000	   0.01680
2.304.000.000.000	   0.01720
2.305.000.000.000	   0.01640
2.306.000.000.000	   0.01640
2.307.000.000.000	   0.01640
2.308.000.000.000	   0.01640
2.309.000.000.000	   0.01640
2.310.000.000.000	   0.01640
2.311.000.000.000	   0.01720
2.312.000.000.000	   0.01640
2.313.000.000.000	   0.01640
2.314.000.000.000	   0.01640
2.315.000.000.000	   0.01680
2.316.000.000.000	   0.01640
2.317.000.000.000	   0.01640
2.318.000.000.000	   0.01680
2.319.000.000.000	   0.01760
2.320.000.000.000	   0.01680
2.321.000.000.000	   0.01680
2.322.000.000.000	   0.01720
2.323.000.000.000	   0.01640
2.324.000.000.000	   0.01640
2.325.000.000.000	   0.01640
2.326.000.000.000	   0.01640
2.327.000.000.000	   0.01680
2.328.000.000.000	   0.01680
2.329.000.000.000	   0.01680
2.330.000.000.000	   0.01640
2.331.000.000.000	   0.01640
2.332.000.000.000	   0.01680
2.333.000.000.000	   0.01760
2.334.000.000.000	   0.01680
2.335.000.000.000	   0.01680
2.336.000.000.000	   0.01640
2.337.000.000.000	  -0.01640
2.338.000.000.000	  -0.01720
2.339.000.000.000	  -0.01760
2.340.000.000.000	  -0.01680
2.341.000.000.000	  -0.01720
2.342.000.000.000	  -0.01680
2.343.000.000.000	  -0.01640
2.344.000.000.000	  -0.01640
2.345.000.000.000	  -0.01720
2.346.000.000.000	  -0.01640
2.347.000.000.000	  -0.01680
2.348.000.000.000	  -0.01680
2.349.000.000.000	  -0.01720
2.350.000.000.000	  -0.01680
2.351.000.000.000	  -0.01720
2.352.000.000.000	  -0.01640
2.353.000.000.000	  -0.01720
2.354.000.000.000	  -0.01600
2.355.000.000.000	  -0.01720
2.356.000.000.000	  -0.01680
2.357.000.000.000	  -0.01640
2.358.000.000.000	  -0.01680
2.359.000.000.000	  -0.01720
2.360.000.000.000	  -0.01680
2.361.000.000.000	  -0.01600
2.362.000.000.000	  -0.01680
2.363.000.000.000	  -0.01640
2.364.000.000.000	  -0.01720
2.365.000.000.000	  -0.01680
2.366.000.000.000	  -0.01720
2.367.000.000.000	  -0.01760
2.368.000.000.000	  -0.01680
2.369.000.000.000	  -0.01680
2.370.000.000.000	  -0.01680
2.371.000.000.000	  -0.01680
2.372.000.000.000	  -0.01760
2.373.000.000.000	  -0.01640
2.374.000.000.000	  -0.01720
2.375.000.000.000	  -0.01680
2.376.000.000.000	  -0.01640
2.377.000.000.000	  -0.01600
2.378.000.000.000	  -0.01640
2.379.000.000.000	  -0.01680
2.380.000.000.000	  -0.01640
2.381.000.000.000	  -0.01760
2.382.000.000.000	  -0.01720
2.383.000.000.000	  -0.01560
2.384.000.000.000	  -0.01640
2.385.000.000.000	  -0.01640
2.386.000.000.000	  -0.01680
2.387.000.000.000	  -0.01720
2.388.000.000.000	  -0.01680
2.389.000.000.000	  -0.01640
2.390.000.000.000	  -0.01680
2.391.000.000.000	  -0.01640
2.392.000.000.000	  -0.01680
2.393.000.000.000	  -0.01680
2.394.000.000.000	  -0.01760
2.395.000.000.000	  -0.01680
2.396.000.000.000	  -0.01640
2.397.000.000.000	  -0.01760
2.398.000.000.000	  -0.01640
2.399.000.000.000	  -0.01720
2.400.000.000.000	  -0.01680
2.401.000.000.000	  -0.01680
2.402.000.000.000	  -0.01680
2.403.000.000.000	  -0.01720
2.404.000.000.000	  -0.01640
2.405.000.000.000	  -0.01720
2.406.000.000.000	  -0.01600
2.407.000.000.000	  -0.01640
2.408.000.000.000	  -0.01680
2.409.000.000.000	  -0.01600
2.410.000.000.000	  -0.01640
2.411.000.000.000	  -0.01680
2.412.000.000.000	  -0.01680
2.413.000.000.000	  -0.01680
2.414.000.000.000	  -0.01600
2.415.000.000.000	  -0.01720
2.416.000.000.000	  -0.01640
2.417.000.000.000	  -0.01720
2.418.000.000.000	  -0.01680
2.419.000.000.000	  -0.01640
2.420.000.000.000	  -0.01720
2.421.000.000.000	  -0.01640
2.422.000.000.000	  -0.01600
2.423.000.000.000	  -0.01640
2.424.000.000.000	  -0.01640
2.425.000.000.000	  -0.01720
2.426.000.000.000	  -0.01680
2.427.000.000.000	  -0.01720
2.428.000.000.000	  -0.01680
2.429.000.000.000	  -0.01720
2.430.000.000.000	  -0.01680
2.431.000.000.000	  -0.01640
2.432.000.000.000	  -0.01680
2.433.000.000.000	  -0.01640
2.434.000.000.000	  -0.01600
2.435.000.000.000	  -0.01680
2.436.000.000.000	  -0.01640
2.437.000.000.000	  -0.01640
2.438.000.000.000	  -0.01720
2.439.000.000.000	  -0.01680
2.440.000.000.000	  -0.01680
2.441.000.000.000	  -0.01640
2.442.000.000.000	  -0.01600
2.443.000.000.000	  -0.01680
2.444.000.000.000	  -0.01640
2.445.000.000.000	  -0.01760
2.446.000.000.000	  -0.01680
2.447.000.000.000	  -0.01640
2.448.000.000.000	  -0.01680
2.449.000.000.000	  -0.01680
2.450.000.000.000	  -0.01680
2.451.000.000.000	  -0.01680
2.452.000.000.000	  -0.01720
2.453.000.000.000	  -0.01680
2.454.000.000.000	  -0.01640
2.455.000.000.000	  -0.01760
2.456.000.000.000	  -0.01680
2.457.000.000.000	  -0.01680
2.458.000.000.000	  -0.01640
2.459.000.000.000	  -0.01680
2.460.000.000.000	  -0.01640
2.461.000.000.000	  -0.01600
2.462.000.000.000	  -0.01680
2.463.000.000.000	  -0.01720
2.464.000.000.000	  -0.01680
2.465.000.000.000	  -0.01680
2.466.000.000.000	  -0.01720
2.467.000.000.000	  -0.01680
2.468.000.000.000	  -0.01640
2.469.000.000.000	  -0.01720
2.470.000.000.000	  -0.01640
2.471.000.000.000	  -0.01680
2.472.000.000.000	  -0.01760
2.473.000.000.000	  -0.01680
2.474.000.000.000	  -0.01680
2.475.000.000.000	  -0.01680
2.476.000.000.000	  -0.01680
2.477.000.000.000	  -0.01680
2.478.000.000.000	  -0.01680
2.479.000.000.000	  -0.01600
2.480.000.000.000	  -0.01680
2.481.000.000.000	  -0.01640
2.482.000.000.000	  -0.01600
2.483.000.000.000	  -0.01680
2.484.000.000.000	  -0.01640
2.485.000.000.000	  -0.01680
2.486.000.000.000	  -0.01640
2.487.000.000.000	  -0.01720
2.488.000.000.000	  -0.01680
2.489.000.000.000	  -0.01600
2.490.000.000.000	  -0.01640
2.491.000.000.000	  -0.01640
2.492.000.000.000	  -0.01720
2.493.000.000.000	  -0.01640
2.494.000.000.000	  -0.01640
2.495.000.000.000	  -0.01640
2.496.000.000.000	  -0.01600
2.497.000.000.000	  -0.01640
2.498.000.000.000	  -0.01680
2.499.000.000.000	  -0.01640
