-0.05	100.000
-0.04996	100.000
-0.04992	100.000
-0.04988	0.98
-0.04984	0.98
-0.0498	0.96
-0.04976	0.96
-0.04972	0.98
-0.04968	0.96
-0.04964	0.94
-0.0496	0.96
-0.04956	0.96
-0.04952	0.94
-0.04948	0.94
-0.04944	0.94
-0.0494	0.92
-0.04936	0.92
-0.04932	0.92
-0.04928	0.92
-0.04924	0.9
-0.0492	0.9
-0.04916	0.9
-0.04912	0.9
-0.04908	0.9
-0.04904	0.86
-0.049	0.86
-0.04896	0.88
-0.04892	0.86
-0.04888	0.86
-0.04884	0.86
-0.0488	0.86
-0.04876	0.86
-0.04872	0.84
-0.04868	0.82
-0.04864	0.82
-0.0486	0.82
-0.04856	0.82
-0.04852	0.82
-0.04848	0.8
-0.04844	0.8
-0.0484	0.78
-0.04836	0.78
-0.04832	0.78
-0.04828	0.76
-0.04824	0.76
-0.0482	0.76
-0.04816	0.76
-0.04812	0.74
-0.04808	0.72
-0.04804	0.74
-0.048	0.72
-0.04796	0.72
-0.04792	0.7
-0.04788	0.7
-0.04784	0.7
-0.0478	0.68
-0.04776	0.68
-0.04772	0.68
-0.04768	0.68
-0.04764	0.66
-0.0476	0.64
-0.04756	0.64
-0.04752	0.64
-0.04748	0.62
-0.04744	0.62
-0.0474	0.6
-0.04736	0.62
-0.04732	0.58
-0.04728	0.6
-0.04724	0.58
-0.0472	0.58
-0.04716	0.56
-0.04712	0.54
-0.04708	0.54
-0.04704	0.56
-0.047	0.52
-0.04696	0.52
-0.04692	0.52
-0.04688	0.5
-0.04684	0.5
-0.0468	0.48
-0.04676	0.5
-0.04672	0.48
-0.04668	0.46
-0.04664	0.46
-0.0466	0.46
-0.04656	0.42
-0.04652	0.42
-0.04648	0.42
-0.04644	0.4
-0.0464	0.38
-0.04636	0.4
-0.04632	0.38
-0.04628	0.38
-0.04624	0.36
-0.0462	0.36
-0.04616	0.36
-0.04612	0.34
-0.04608	0.34
-0.04604	0.32
-0.046	0.32
-0.04596	0.3
-0.04592	0.28
-0.04588	0.28
-0.04584	0.28
-0.0458	0.28
-0.04576	0.26
-0.04572	0.26
-0.04568	0.24
-0.04564	0.22
-0.0456	0.22
-0.04556	0.22
-0.04552	0.2
-0.04548	0.18
-0.04544	0.18
-0.0454	0.18
-0.04536	0.18
-0.04532	0.16
-0.04528	0.16
-0.04524	0.14
-0.0452	0.12
-0.04516	0.12
-0.04512	0.1
-0.04508	0.1
-0.04504	0.08
-0.045	0.08
-0.04496	0.06
-0.04492	0.06
-0.04488	0.06
-0.04484	0.04
-0.0448	0.04
-0.04476	0
-0.04472	0.02
-0.04468	0
-0.04464	-0.02
-0.0446	-0.02
-0.04456	-0.02
-0.04452	-0.04
-0.04448	-0.04
-0.04444	-0.04
-0.0444	-0.06
-0.04436	-0.06
-0.04432	-0.08
-0.04428	-0.1
-0.04424	-0.1
-0.0442	-0.1
-0.04416	-0.12
-0.04412	-0.14
-0.04408	-0.14
-0.04404	-0.16
-0.044	-0.16
-0.04396	-0.16
-0.04392	-0.16
-0.04388	-0.18
-0.04384	-0.2
-0.0438	-0.22
-0.04376	-0.22
-0.04372	-0.22
-0.04368	-0.24
-0.04364	-0.24
-0.0436	-0.24
-0.04356	-0.26
-0.04352	-0.28
-0.04348	-0.28
-0.04344	-0.28
-0.0434	-0.3
-0.04336	-0.3
-0.04332	-0.32
-0.04328	-0.34
-0.04324	-0.34
-0.0432	-0.36
-0.04316	-0.34
-0.04312	-0.34
-0.04308	-0.36
-0.04304	-0.36
-0.043	-0.38
-0.04296	-0.38
-0.04292	-0.42
-0.04288	-0.42
-0.04284	-0.42
-0.0428	-0.44
-0.04276	-0.44
-0.04272	-0.46
-0.04268	-0.46
-0.04264	-0.46
-0.0426	-0.46
-0.04256	-0.5
-0.04252	-0.5
-0.04248	-0.5
-0.04244	-0.5
-0.0424	-0.52
-0.04236	-0.52
-0.04232	-0.52
-0.04228	-0.54
-0.04224	-0.54
-0.0422	-0.54
-0.04216	-0.56
-0.04212	-0.58
-0.04208	-0.58
-0.04204	-0.6
-0.042	-0.6
-0.04196	-0.6
-0.04192	-0.62
-0.04188	-0.62
-0.04184	-0.62
-0.0418	-0.64
-0.04176	-0.64
-0.04172	-0.66
-0.04168	-0.66
-0.04164	-0.68
-0.0416	-0.68
-0.04156	-0.68
-0.04152	-0.7
-0.04148	-0.7
-0.04144	-0.7
-0.0414	-0.7
-0.04136	-0.72
-0.04132	-0.72
-0.04128	-0.74
-0.04124	-0.74
-0.0412	-0.76
-0.04116	-0.76
-0.04112	-0.74
-0.04108	-0.76
-0.04104	-0.76
-0.041	-0.78
-0.04096	-0.8
-0.04092	-0.8
-0.04088	-0.8
-0.04084	-0.8
-0.0408	-0.8
-0.04076	-0.82
-0.04072	-0.82
-0.04068	-0.84
-0.04064	-0.84
-0.0406	-0.84
-0.04056	-0.84
-0.04052	-0.84
-0.04048	-0.86
-0.04044	-0.86
-0.0404	-0.88
-0.04036	-0.86
-0.04032	-0.88
-0.04028	-0.88
-0.04024	-0.88
-0.0402	-0.9
-0.04016	-0.9
-0.04012	-0.9
-0.04008	-0.92
-0.04004	-0.92
-0.04	-0.92
-0.03996	-0.92
-0.03992	-0.94
-0.03988	-0.94
-0.03984	-0.94
-0.0398	-0.94
-0.03976	-0.94
-0.03972	-0.96
-0.03968	-0.96
-0.03964	-0.96
-0.0396	-0.96
-0.03956	-0.98
-0.03952	-0.98
-0.03948	-0.98
-0.03944	-0.98
-0.0394	-0.98
-0.03936	-100.000
-0.03932	-100.000
-0.03928	-100.000
-0.03924	-100.000
-0.0392	-100.000
-0.03916	-100.000
-0.03912	-102.000
-0.03908	-102.000
-0.03904	-102.000
-0.039	-102.000
-0.03896	-102.000
-0.03892	-104.000
-0.03888	-102.000
-0.03884	-102.000
-0.0388	-104.000
-0.03876	-104.000
-0.03872	-102.000
-0.03868	-104.000
-0.03864	-106.000
-0.0386	-106.000
-0.03856	-104.000
-0.03852	-104.000
-0.03848	-106.000
-0.03844	-106.000
-0.0384	-106.000
-0.03836	-106.000
-0.03832	-106.000
-0.03828	-106.000
-0.03824	-106.000
-0.0382	-106.000
-0.03816	-106.000
-0.03812	-106.000
-0.03808	-106.000
-0.03804	-106.000
-0.038	-108.000
-0.03796	-106.000
-0.03792	-106.000
-0.03788	-106.000
-0.03784	-108.000
-0.0378	-106.000
-0.03776	-108.000
-0.03772	-108.000
-0.03768	-106.000
-0.03764	-106.000
-0.0376	-106.000
-0.03756	-108.000
-0.03752	-108.000
-0.03748	-106.000
-0.03744	-106.000
-0.0374	-108.000
-0.03736	-108.000
-0.03732	-106.000
-0.03728	-108.000
-0.03724	-106.000
-0.0372	-108.000
-0.03716	-108.000
-0.03712	-106.000
-0.03708	-106.000
-0.03704	-106.000
-0.037	-106.000
-0.03696	-108.000
-0.03692	-108.000
-0.03688	-106.000
-0.03684	-106.000
-0.0368	-106.000
-0.03676	-104.000
-0.03672	-106.000
-0.03668	-106.000
-0.03664	-104.000
-0.0366	-104.000
-0.03656	-104.000
-0.03652	-104.000
-0.03648	-104.000
-0.03644	-104.000
-0.0364	-104.000
-0.03636	-104.000
-0.03632	-104.000
-0.03628	-104.000
-0.03624	-102.000
-0.0362	-104.000
-0.03616	-104.000
-0.03612	-104.000
-0.03608	-102.000
-0.03604	-102.000
-0.036	-102.000
-0.03596	-100.000
-0.03592	-100.000
-0.03588	-100.000
-0.03584	-100.000
-0.0358	-100.000
-0.03576	-100.000
-0.03572	-0.98
-0.03568	-0.98
-0.03564	-0.98
-0.0356	-0.98
-0.03556	-0.96
-0.03552	-0.98
-0.03548	-0.96
-0.03544	-0.98
-0.0354	-0.96
-0.03536	-0.94
-0.03532	-0.94
-0.03528	-0.94
-0.03524	-0.94
-0.0352	-0.94
-0.03516	-0.94
-0.03512	-0.94
-0.03508	-0.92
-0.03504	-0.92
-0.035	-0.92
-0.03496	-0.9
-0.03492	-0.9
-0.03488	-0.9
-0.03484	-0.88
-0.0348	-0.88
-0.03476	-0.88
-0.03472	-0.86
-0.03468	-0.86
-0.03464	-0.86
-0.0346	-0.86
-0.03456	-0.86
-0.03452	-0.84
-0.03448	-0.84
-0.03444	-0.84
-0.0344	-0.84
-0.03436	-0.84
-0.03432	-0.82
-0.03428	-0.82
-0.03424	-0.8
-0.0342	-0.8
-0.03416	-0.8
-0.03412	-0.8
-0.03408	-0.8
-0.03404	-0.78
-0.034	-0.76
-0.03396	-0.76
-0.03392	-0.76
-0.03388	-0.74
-0.03384	-0.74
-0.0338	-0.72
-0.03376	-0.72
-0.03372	-0.72
-0.03368	-0.7
-0.03364	-0.7
-0.0336	-0.7
-0.03356	-0.68
-0.03352	-0.68
-0.03348	-0.68
-0.03344	-0.66
-0.0334	-0.66
-0.03336	-0.64
-0.03332	-0.64
-0.03328	-0.62
-0.03324	-0.62
-0.0332	-0.62
-0.03316	-0.62
-0.03312	-0.6
-0.03308	-0.6
-0.03304	-0.6
-0.033	-0.58
-0.03296	-0.58
-0.03292	-0.58
-0.03288	-0.56
-0.03284	-0.54
-0.0328	-0.54
-0.03276	-0.54
-0.03272	-0.52
-0.03268	-0.52
-0.03264	-0.52
-0.0326	-0.52
-0.03256	-0.5
-0.03252	-0.5
-0.03248	-0.48
-0.03244	-0.48
-0.0324	-0.46
-0.03236	-0.46
-0.03232	-0.44
-0.03228	-0.44
-0.03224	-0.42
-0.0322	-0.42
-0.03216	-0.4
-0.03212	-0.4
-0.03208	-0.4
-0.03204	-0.38
-0.032	-0.36
-0.03196	-0.36
-0.03192	-0.36
-0.03188	-0.34
-0.03184	-0.34
-0.0318	-0.34
-0.03176	-0.32
-0.03172	-0.3
-0.03168	-0.3
-0.03164	-0.28
-0.0316	-0.28
-0.03156	-0.28
-0.03152	-0.26
-0.03148	-0.26
-0.03144	-0.26
-0.0314	-0.24
-0.03136	-0.22
-0.03132	-0.22
-0.03128	-0.2
-0.03124	-0.2
-0.0312	-0.18
-0.03116	-0.16
-0.03112	-0.16
-0.03108	-0.16
-0.03104	-0.14
-0.031	-0.14
-0.03096	-0.12
-0.03092	-0.12
-0.03088	-0.12
-0.03084	-0.1
-0.0308	-0.08
-0.03076	-0.08
-0.03072	-0.08
-0.03068	-0.06
-0.03064	-0.06
-0.0306	-0.06
-0.03056	-0.04
-0.03052	-0.02
-0.03048	-0.02
-0.03044	0
-0.0304	0
-0.03036	0.02
-0.03032	0.02
-0.03028	0.04
-0.03024	0.04
-0.0302	0.06
-0.03016	0.04
-0.03012	0.06
-0.03008	0.08
-0.03004	0.08
-0.03	0.1
-0.02996	0.1
-0.02992	0.12
-0.02988	0.14
-0.02984	0.14
-0.0298	0.14
-0.02976	0.16
-0.02972	0.16
-0.02968	0.18
-0.02964	0.18
-0.0296	0.18
-0.02956	0.2
-0.02952	0.22
-0.02948	0.22
-0.02944	0.24
-0.0294	0.26
-0.02936	0.24
-0.02932	0.26
-0.02928	0.28
-0.02924	0.28
-0.0292	0.28
-0.02916	0.3
-0.02912	0.3
-0.02908	0.32
-0.02904	0.32
-0.029	0.32
-0.02896	0.34
-0.02892	0.34
-0.02888	0.34
-0.02884	0.36
-0.0288	0.38
-0.02876	0.38
-0.02872	0.38
-0.02868	0.4
-0.02864	0.4
-0.0286	0.42
-0.02856	0.42
-0.02852	0.44
-0.02848	0.44
-0.02844	0.46
-0.0284	0.48
-0.02836	0.48
-0.02832	0.48
-0.02828	0.5
-0.02824	0.5
-0.0282	0.5
-0.02816	0.52
-0.02812	0.52
-0.02808	0.52
-0.02804	0.54
-0.028	0.54
-0.02796	0.56
-0.02792	0.54
-0.02788	0.58
-0.02784	0.58
-0.0278	0.58
-0.02776	0.6
-0.02772	0.6
-0.02768	0.62
-0.02764	0.62
-0.0276	0.62
-0.02756	0.64
-0.02752	0.64
-0.02748	0.66
-0.02744	0.66
-0.0274	0.66
-0.02736	0.68
-0.02732	0.68
-0.02728	0.68
-0.02724	0.68
-0.0272	0.7
-0.02716	0.7
-0.02712	0.7
-0.02708	0.72
-0.02704	0.72
-0.027	0.72
-0.02696	0.74
-0.02692	0.74
-0.02688	0.76
-0.02684	0.76
-0.0268	0.78
-0.02676	0.78
-0.02672	0.78
-0.02668	0.78
-0.02664	0.8
-0.0266	0.8
-0.02656	0.82
-0.02652	0.82
-0.02648	0.84
-0.02644	0.84
-0.0264	0.84
-0.02636	0.84
-0.02632	0.84
-0.02628	0.86
-0.02624	0.84
-0.0262	0.86
-0.02616	0.86
-0.02612	0.88
-0.02608	0.88
-0.02604	0.88
-0.026	0.9
-0.02596	0.88
-0.02592	0.9
-0.02588	0.9
-0.02584	0.9
-0.0258	0.92
-0.02576	0.92
-0.02572	0.92
-0.02568	0.94
-0.02564	0.94
-0.0256	0.94
-0.02556	0.94
-0.02552	0.94
-0.02548	0.96
-0.02544	0.96
-0.0254	0.96
-0.02536	0.96
-0.02532	0.98
-0.02528	0.96
-0.02524	0.98
-0.0252	0.98
-0.02516	0.98
-0.02512	0.98
-0.02508	100.000
-0.02504	100.000
-0.025	100.000
-0.02496	102.000
-0.02492	102.000
-0.02488	102.000
-0.02484	102.000
-0.0248	102.000
-0.02476	102.000
-0.02472	102.000
-0.02468	102.000
-0.02464	102.000
-0.0246	104.000
-0.02456	104.000
-0.02452	104.000
-0.02448	104.000
-0.02444	104.000
-0.0244	104.000
-0.02436	104.000
-0.02432	104.000
-0.02428	104.000
-0.02424	104.000
-0.0242	106.000
-0.02416	106.000
-0.02412	106.000
-0.02408	106.000
-0.02404	106.000
-0.024	106.000
-0.02396	106.000
-0.02392	106.000
-0.02388	106.000
-0.02384	108.000
-0.0238	108.000
-0.02376	106.000
-0.02372	108.000
-0.02368	106.000
-0.02364	108.000
-0.0236	108.000
-0.02356	108.000
-0.02352	106.000
-0.02348	108.000
-0.02344	110.000
-0.0234	108.000
-0.02336	110.000
-0.02332	106.000
-0.02328	108.000
-0.02324	108.000
-0.0232	108.000
-0.02316	108.000
-0.02312	108.000
-0.02308	108.000
-0.02304	108.000
-0.023	106.000
-0.02296	108.000
-0.02292	108.000
-0.02288	108.000
-0.02284	108.000
-0.0228	106.000
-0.02276	106.000
-0.02272	108.000
-0.02268	106.000
-0.02264	106.000
-0.0226	106.000
-0.02256	106.000
-0.02252	106.000
-0.02248	106.000
-0.02244	106.000
-0.0224	104.000
-0.02236	106.000
-0.02232	106.000
-0.02228	106.000
-0.02224	106.000
-0.0222	106.000
-0.02216	104.000
-0.02212	104.000
-0.02208	104.000
-0.02204	104.000
-0.022	104.000
-0.02196	104.000
-0.02192	104.000
-0.02188	104.000
-0.02184	104.000
-0.0218	102.000
-0.02176	102.000
-0.02172	102.000
-0.02168	102.000
-0.02164	102.000
-0.0216	102.000
-0.02156	100.000
-0.02152	102.000
-0.02148	100.000
-0.02144	100.000
-0.0214	100.000
-0.02136	0.98
-0.02132	0.98
-0.02128	0.98
-0.02124	0.96
-0.0212	0.96
-0.02116	0.96
-0.02112	0.96
-0.02108	0.96
-0.02104	0.94
-0.021	0.94
-0.02096	0.94
-0.02092	0.94
-0.02088	0.94
-0.02084	0.94
-0.0208	0.92
-0.02076	0.94
-0.02072	0.92
-0.02068	0.92
-0.02064	0.92
-0.0206	0.92
-0.02056	0.9
-0.02052	0.88
-0.02048	0.88
-0.02044	0.88
-0.0204	0.86
-0.02036	0.86
-0.02032	0.86
-0.02028	0.86
-0.02024	0.86
-0.0202	0.86
-0.02016	0.84
-0.02012	0.84
-0.02008	0.84
-0.02004	0.82
-0.02	0.82
-0.01996	0.82
-0.01992	0.82
-0.01988	0.8
-0.01984	0.8
-0.0198	0.78
-0.01976	0.78
-0.01972	0.76
-0.01968	0.76
-0.01964	0.76
-0.0196	0.74
-0.01956	0.74
-0.01952	0.74
-0.01948	0.72
-0.01944	0.72
-0.0194	0.72
-0.01936	0.72
-0.01932	0.68
-0.01928	0.7
-0.01924	0.68
-0.0192	0.68
-0.01916	0.68
-0.01912	0.66
-0.01908	0.66
-0.01904	0.64
-0.019	0.64
-0.01896	0.64
-0.01892	0.64
-0.01888	0.62
-0.01884	0.62
-0.0188	0.6
-0.01876	0.6
-0.01872	0.58
-0.01868	0.6
-0.01864	0.58
-0.0186	0.58
-0.01856	0.56
-0.01852	0.54
-0.01848	0.54
-0.01844	0.52
-0.0184	0.52
-0.01836	0.52
-0.01832	0.52
-0.01828	0.48
-0.01824	0.5
-0.0182	0.48
-0.01816	0.48
-0.01812	0.46
-0.01808	0.44
-0.01804	0.46
-0.018	0.44
-0.01796	0.42
-0.01792	0.42
-0.01788	0.42
-0.01784	0.4
-0.0178	0.4
-0.01776	0.4
-0.01772	0.38
-0.01768	0.36
-0.01764	0.36
-0.0176	0.36
-0.01756	0.34
-0.01752	0.34
-0.01748	0.32
-0.01744	0.32
-0.0174	0.3
-0.01736	0.3
-0.01732	0.3
-0.01728	0.28
-0.01724	0.26
-0.0172	0.26
-0.01716	0.26
-0.01712	0.24
-0.01708	0.24
-0.01704	0.22
-0.017	0.22
-0.01696	0.2
-0.01692	0.18
-0.01688	0.18
-0.01684	0.18
-0.0168	0.16
-0.01676	0.14
-0.01672	0.14
-0.01668	0.16
-0.01664	0.14
-0.0166	0.12
-0.01656	0.12
-0.01652	0.1
-0.01648	0.08
-0.01644	0.1
-0.0164	0.06
-0.01636	0.06
-0.01632	0.04
-0.01628	0.04
-0.01624	0.04
-0.0162	0.02
-0.01616	0.02
-0.01612	0
-0.01608	0
-0.01604	-0.02
-0.016	-0.02
-0.01596	-0.02
-0.01592	-0.02
-0.01588	-0.04
-0.01584	-0.06
-0.0158	-0.06
-0.01576	-0.08
-0.01572	-0.08
-0.01568	-0.1
-0.01564	-0.12
-0.0156	-0.1
-0.01556	-0.12
-0.01552	-0.14
-0.01548	-0.14
-0.01544	-0.16
-0.0154	-0.16
-0.01536	-0.18
-0.01532	-0.18
-0.01528	-0.18
-0.01524	-0.2
-0.0152	-0.2
-0.01516	-0.22
-0.01512	-0.24
-0.01508	-0.24
-0.01504	-0.26
-0.015	-0.26
-0.01496	-0.26
-0.01492	-0.28
-0.01488	-0.3
-0.01484	-0.3
-0.0148	-0.3
-0.01476	-0.32
-0.01472	-0.3
-0.01468	-0.32
-0.01464	-0.36
-0.0146	-0.36
-0.01456	-0.36
-0.01452	-0.36
-0.01448	-0.36
-0.01444	-0.36
-0.0144	-0.4
-0.01436	-0.4
-0.01432	-0.42
-0.01428	-0.42
-0.01424	-0.44
-0.0142	-0.44
-0.01416	-0.46
-0.01412	-0.46
-0.01408	-0.46
-0.01404	-0.48
-0.014	-0.48
-0.01396	-0.5
-0.01392	-0.5
-0.01388	-0.5
-0.01384	-0.5
-0.0138	-0.52
-0.01376	-0.54
-0.01372	-0.52
-0.01368	-0.54
-0.01364	-0.54
-0.0136	-0.56
-0.01356	-0.58
-0.01352	-0.58
-0.01348	-0.6
-0.01344	-0.6
-0.0134	-0.6
-0.01336	-0.62
-0.01332	-0.62
-0.01328	-0.62
-0.01324	-0.64
-0.0132	-0.64
-0.01316	-0.64
-0.01312	-0.66
-0.01308	-0.66
-0.01304	-0.68
-0.013	-0.68
-0.01296	-0.68
-0.01292	-0.7
-0.01288	-0.7
-0.01284	-0.72
-0.0128	-0.7
-0.01276	-0.7
-0.01272	-0.72
-0.01268	-0.74
-0.01264	-0.74
-0.0126	-0.76
-0.01256	-0.76
-0.01252	-0.76
-0.01248	-0.76
-0.01244	-0.78
-0.0124	-0.78
-0.01236	-0.8
-0.01232	-0.8
-0.01228	-0.8
-0.01224	-0.8
-0.0122	-0.82
-0.01216	-0.82
-0.01212	-0.82
-0.01208	-0.84
-0.01204	-0.84
-0.012	-0.86
-0.01196	-0.86
-0.01192	-0.86
-0.01188	-0.84
-0.01184	-0.86
-0.0118	-0.88
-0.01176	-0.88
-0.01172	-0.86
-0.01168	-0.88
-0.01164	-0.9
-0.0116	-0.9
-0.01156	-0.9
-0.01152	-0.9
-0.01148	-0.92
-0.01144	-0.92
-0.0114	-0.94
-0.01136	-0.94
-0.01132	-0.94
-0.01128	-0.94
-0.01124	-0.96
-0.0112	-0.94
-0.01116	-0.94
-0.01112	-0.96
-0.01108	-0.96
-0.01104	-0.96
-0.011	-0.98
-0.01096	-0.98
-0.01092	-0.96
-0.01088	-0.98
-0.01084	-0.98
-0.0108	-0.98
-0.01076	-100.000
-0.01072	-100.000
-0.01068	-100.000
-0.01064	-102.000
-0.0106	-102.000
-0.01056	-100.000
-0.01052	-102.000
-0.01048	-102.000
-0.01044	-102.000
-0.0104	-102.000
-0.01036	-102.000
-0.01032	-104.000
-0.01028	-104.000
-0.01024	-104.000
-0.0102	-104.000
-0.01016	-104.000
-0.01012	-104.000
-0.01008	-104.000
-0.01004	-104.000
-0.01	-104.000
-0.00996	-104.000
-0.00992	-106.000
-0.00988	-106.000
-0.00984	-106.000
-0.0098	-106.000
-0.00976	-106.000
-0.00972	-106.000
-0.00968	-106.000
-0.00964	-106.000
-0.0096	-106.000
-0.00956	-108.000
-0.00952	-106.000
-0.00948	-108.000
-0.00944	-106.000
-0.0094	-108.000
-0.00936	-106.000
-0.00932	-106.000
-0.00928	-108.000
-0.00924	-106.000
-0.0092	-108.000
-0.00916	-108.000
-0.00912	-108.000
-0.00908	-108.000
-0.00904	-108.000
-0.009	-108.000
-0.00896	-108.000
-0.00892	-108.000
-0.00888	-108.000
-0.00884	-108.000
-0.0088	-108.000
-0.00876	-108.000
-0.00872	-108.000
-0.00868	-108.000
-0.00864	-108.000
-0.0086	-106.000
-0.00856	-106.000
-0.00852	-106.000
-0.00848	-108.000
-0.00844	-108.000
-0.0084	-108.000
-0.00836	-106.000
-0.00832	-106.000
-0.00828	-106.000
-0.00824	-106.000
-0.0082	-106.000
-0.00816	-104.000
-0.00812	-104.000
-0.00808	-104.000
-0.00804	-104.000
-0.008	-106.000
-0.00796	-106.000
-0.00792	-104.000
-0.00788	-104.000
-0.00784	-104.000
-0.0078	-104.000
-0.00776	-104.000
-0.00772	-104.000
-0.00768	-104.000
-0.00764	-104.000
-0.0076	-104.000
-0.00756	-104.000
-0.00752	-102.000
-0.00748	-102.000
-0.00744	-100.000
-0.0074	-102.000
-0.00736	-102.000
-0.00732	-100.000
-0.00728	-102.000
-0.00724	-100.000
-0.0072	-0.98
-0.00716	-0.98
-0.00712	-0.98
-0.00708	-0.98
-0.00704	-0.98
-0.007	-0.98
-0.00696	-0.98
-0.00692	-0.96
-0.00688	-0.96
-0.00684	-0.96
-0.0068	-0.96
-0.00676	-0.94
-0.00672	-0.96
-0.00668	-0.94
-0.00664	-0.94
-0.0066	-0.92
-0.00656	-0.94
-0.00652	-0.92
-0.00648	-0.92
-0.00644	-0.9
-0.0064	-0.9
-0.00636	-0.9
-0.00632	-0.88
-0.00628	-0.88
-0.00624	-0.9
-0.0062	-0.88
-0.00616	-0.88
-0.00612	-0.88
-0.00608	-0.86
-0.00604	-0.86
-0.006	-0.86
-0.00596	-0.84
-0.00592	-0.84
-0.00588	-0.84
-0.00584	-0.84
-0.0058	-0.82
-0.00576	-0.82
-0.00572	-0.82
-0.00568	-0.82
-0.00564	-0.8
-0.0056	-0.8
-0.00556	-0.8
-0.00552	-0.78
-0.00548	-0.78
-0.00544	-0.76
-0.0054	-0.74
-0.00536	-0.76
-0.00532	-0.74
-0.00528	-0.74
-0.00524	-0.74
-0.0052	-0.72
-0.00516	-0.72
-0.00512	-0.72
-0.00508	-0.7
-0.00504	-0.7
-0.005	-0.7
-0.00496	-0.68
-0.00492	-0.68
-0.00488	-0.68
-0.00484	-0.66
-0.0048	-0.64
-0.00476	-0.64
-0.00472	-0.64
-0.00468	-0.62
-0.00464	-0.64
-0.0046	-0.6
-0.00456	-0.62
-0.00452	-0.6
-0.00448	-0.6
-0.00444	-0.58
-0.0044	-0.58
-0.00436	-0.58
-0.00432	-0.56
-0.00428	-0.56
-0.00424	-0.54
-0.0042	-0.54
-0.00416	-0.52
-0.00412	-0.52
-0.00408	-0.5
-0.00404	-0.5
-0.004	-0.5
-0.00396	-0.48
-0.00392	-0.48
-0.00388	-0.48
-0.00384	-0.46
-0.0038	-0.44
-0.00376	-0.44
-0.00372	-0.44
-0.00368	-0.44
-0.00364	-0.44
-0.0036	-0.4
-0.00356	-0.4
-0.00352	-0.38
-0.00348	-0.38
-0.00344	-0.36
-0.0034	-0.36
-0.00336	-0.36
-0.00332	-0.34
-0.00328	-0.34
-0.00324	-0.34
-0.0032	-0.32
-0.00316	-0.3
-0.00312	-0.3
-0.00308	-0.3
-0.00304	-0.28
-0.003	-0.26
-0.00296	-0.26
-0.00292	-0.26
-0.00288	-0.26
-0.00284	-0.24
-0.0028	-0.22
-0.00276	-0.22
-0.00272	-0.2
-0.00268	-0.2
-0.00264	-0.18
-0.0026	-0.18
-0.00256	-0.16
-0.00252	-0.16
-0.00248	-0.16
-0.00244	-0.14
-0.0024	-0.14
-0.00236	-0.12
-0.00232	-0.1
-0.00228	-0.1
-0.00224	-0.08
-0.0022	-0.06
-0.00216	-0.08
-0.00212	-0.06
-0.00208	-0.06
-0.00204	-0.06
-0.002	-0.04
-0.00196	-0.02
-0.00192	0
-0.00188	-0.02
-0.00184	0
-0.0018	0.02
-0.00176	0.02
-0.00172	0.02
-0.00168	0.04
-0.00164	0.04
-0.0016	0.06
-0.00156	0.06
-0.00152	0.08
-0.00148	0.1
-0.00144	0.1
-0.0014	0.12
-0.00136	0.1
-0.00132	0.1
-0.00128	0.12
-0.00124	0.14
-0.0012	0.16
-0.00116	0.16
-0.00112	0.16
-0.00108	0.18
-0.00104	0.18
-0.001	0.2
-0.00096	0.22
-0.00092	0.22
-0.00088	0.22
-0.00084	0.24
-0.0008	0.24
-0.00076	0.26
-0.00072	0.26
-0.00068	0.28
-0.00064	0.28
-0.0006	0.3
-0.00056	0.3
-0.00052	0.3
-0.00048	0.32
-0.00044	0.34
-0.0004	0.34
-0.00036	0.34
-0.00032	0.34
-0.00028	0.36
-0.00024	0.36
-0.0002	0.38
-0.00016	0.38
-0.00012	0.4
-0.00008	0.42
-0.00004	0.4
0	0.42
0.00004	0.44
0.00008	0.44
0.00012	0.44
0.00016	0.46
0.0002	0.46
0.00024	0.48
0.00028	0.48
0.00032	0.5
0.00036	0.5
0.0004	0.52
0.00044	0.5
0.00048	0.52
0.00052	0.52
0.00056	0.54
0.0006	0.54
0.00064	0.56
0.00068	0.58
0.00072	0.58
0.00076	0.58
0.0008	0.58
0.00084	0.6
0.00088	0.62
0.00092	0.62
0.00096	0.62
0.001	0.62
0.00104	0.64
0.00108	0.66
0.00112	0.66
0.00116	0.66
0.0012	0.68
0.00124	0.68
0.00128	0.68
0.00132	0.7
0.00136	0.7
0.0014	0.7
0.00144	0.72
0.00148	0.72
0.00152	0.72
0.00156	0.74
0.0016	0.74
0.00164	0.74
0.00168	0.76
0.00172	0.76
0.00176	0.76
0.0018	0.78
0.00184	0.78
0.00188	0.78
0.00192	0.8
0.00196	0.8
0.002	0.82
0.00204	0.82
0.00208	0.82
0.00212	0.82
0.00216	0.82
0.0022	0.84
0.00224	0.84
0.00228	0.84
0.00232	0.86
0.00236	0.88
0.0024	0.86
0.00244	0.88
0.00248	0.88
0.00252	0.88
0.00256	0.88
0.0026	0.9
0.00264	0.88
0.00268	0.9
0.00272	0.9
0.00276	0.92
0.0028	0.92
0.00284	0.94
0.00288	0.94
0.00292	0.94
0.00296	0.92
0.003	0.94
0.00304	0.94
0.00308	0.94
0.00312	0.96
0.00316	0.96
0.0032	0.98
0.00324	0.96
0.00328	0.98
0.00332	0.98
0.00336	0.98
0.0034	0.98
0.00344	100.000
0.00348	100.000
0.00352	100.000
0.00356	100.000
0.0036	100.000
0.00364	102.000
0.00368	100.000
0.00372	102.000
0.00376	102.000
0.0038	102.000
0.00384	102.000
0.00388	102.000
0.00392	102.000
0.00396	102.000
0.004	104.000
0.00404	104.000
0.00408	104.000
0.00412	104.000
0.00416	104.000
0.0042	104.000
0.00424	104.000
0.00428	106.000
0.00432	106.000
0.00436	106.000
0.0044	106.000
0.00444	106.000
0.00448	106.000
0.00452	106.000
0.00456	108.000
0.0046	106.000
0.00464	106.000
0.00468	106.000
0.00472	106.000
0.00476	106.000
0.0048	108.000
0.00484	106.000
0.00488	108.000
0.00492	106.000
0.00496	108.000
0.005	106.000
0.00504	108.000
0.00508	106.000
0.00512	106.000
0.00516	108.000
0.0052	108.000
0.00524	106.000
0.00528	106.000
0.00532	108.000
0.00536	106.000
0.0054	110.000
0.00544	106.000
0.00548	106.000
0.00552	106.000
0.00556	108.000
0.0056	106.000
0.00564	108.000
0.00568	108.000
0.00572	108.000
0.00576	106.000
0.0058	106.000
0.00584	106.000
0.00588	106.000
0.00592	108.000
0.00596	106.000
0.006	106.000
0.00604	106.000
0.00608	106.000
0.00612	106.000
0.00616	106.000
0.0062	106.000
0.00624	106.000
0.00628	106.000
0.00632	104.000
0.00636	106.000
0.0064	106.000
0.00644	104.000
0.00648	106.000
0.00652	104.000
0.00656	104.000
0.0066	104.000
0.00664	104.000
0.00668	104.000
0.00672	104.000
0.00676	102.000
0.0068	102.000
0.00684	102.000
0.00688	102.000
0.00692	102.000
0.00696	100.000
0.007	100.000
0.00704	100.000
0.00708	100.000
0.00712	100.000
0.00716	100.000
0.0072	0.98
0.00724	0.98
0.00728	0.98
0.00732	0.98
0.00736	0.96
0.0074	0.98
0.00744	0.96
0.00748	0.96
0.00752	0.96
0.00756	0.94
0.0076	0.96
0.00764	0.94
0.00768	0.94
0.00772	0.92
0.00776	0.92
0.0078	0.92
0.00784	0.92
0.00788	0.92
0.00792	0.92
0.00796	0.9
0.008	0.9
0.00804	0.88
0.00808	0.9
0.00812	0.88
0.00816	0.88
0.0082	0.86
0.00824	0.88
0.00828	0.86
0.00832	0.86
0.00836	0.84
0.0084	0.84
0.00844	0.84
0.00848	0.82
0.00852	0.82
0.00856	0.82
0.0086	0.8
0.00864	0.8
0.00868	0.8
0.00872	0.8
0.00876	0.78
0.0088	0.8
0.00884	0.78
0.00888	0.78
0.00892	0.78
0.00896	0.76
0.009	0.74
0.00904	0.74
0.00908	0.74
0.00912	0.72
0.00916	0.72
0.0092	0.72
0.00924	0.7
0.00928	0.7
0.00932	0.7
0.00936	0.68
0.0094	0.68
0.00944	0.68
0.00948	0.68
0.00952	0.66
0.00956	0.64
0.0096	0.64
0.00964	0.62
0.00968	0.62
0.00972	0.62
0.00976	0.62
0.0098	0.6
0.00984	0.58
0.00988	0.58
0.00992	0.58
0.00996	0.58
0.01	0.56
0.01004	0.54
0.01008	0.54
0.01012	0.54
0.01016	0.54
0.0102	0.52
0.01024	0.52
0.01028	0.5
0.01032	0.5
0.01036	0.48
0.0104	0.48
0.01044	0.48
0.01048	0.44
0.01052	0.44
0.01056	0.44
0.0106	0.44
0.01064	0.42
0.01068	0.42
0.01072	0.42
0.01076	0.4
0.0108	0.4
0.01084	0.38
0.01088	0.36
0.01092	0.36
0.01096	0.36
0.011	0.34
0.01104	0.34
0.01108	0.34
0.01112	0.32
0.01116	0.3
0.0112	0.3
0.01124	0.28
0.01128	0.28
0.01132	0.28
0.01136	0.26
0.0114	0.26
0.01144	0.24
0.01148	0.22
0.01152	0.22
0.01156	0.22
0.0116	0.2
0.01164	0.2
0.01168	0.18
0.01172	0.18
0.01176	0.16
0.0118	0.16
0.01184	0.14
0.01188	0.14
0.01192	0.14
0.01196	0.14
0.012	0.12
0.01204	0.1
0.01208	0.1
0.01212	0.08
0.01216	0.08
0.0122	0.06
0.01224	0.06
0.01228	0.04
0.01232	0.04
0.01236	0.04
0.0124	0.02
0.01244	0
0.01248	0
0.01252	-0.02
0.01256	-0.02
0.0126	-0.04
0.01264	-0.04
0.01268	-0.06
0.01272	-0.06
0.01276	-0.08
0.0128	-0.08
0.01284	-0.08
0.01288	-0.08
0.01292	-0.1
0.01296	-0.1
0.013	-0.14
0.01304	-0.12
0.01308	-0.16
0.01312	-0.14
0.01316	-0.16
0.0132	-0.18
0.01324	-0.16
0.01328	-0.2
0.01332	-0.2
0.01336	-0.2
0.0134	-0.22
0.01344	-0.22
0.01348	-0.24
0.01352	-0.24
0.01356	-0.26
0.0136	-0.26
0.01364	-0.26
0.01368	-0.28
0.01372	-0.3
0.01376	-0.3
0.0138	-0.3
0.01384	-0.34
0.01388	-0.32
0.01392	-0.34
0.01396	-0.36
0.014	-0.36
0.01404	-0.36
0.01408	-0.38
0.01412	-0.36
0.01416	-0.38
0.0142	-0.4
0.01424	-0.4
0.01428	-0.42
0.01432	-0.42
0.01436	-0.44
0.0144	-0.44
0.01444	-0.46
0.01448	-0.46
0.01452	-0.46
0.01456	-0.48
0.0146	-0.5
0.01464	-0.5
0.01468	-0.5
0.01472	-0.52
0.01476	-0.54
0.0148	-0.54
0.01484	-0.54
0.01488	-0.54
0.01492	-0.54
0.01496	-0.56
0.015	-0.56
0.01504	-0.58
0.01508	-0.58
0.01512	-0.6
0.01516	-0.62
0.0152	-0.62
0.01524	-0.62
0.01528	-0.62
0.01532	-0.64
0.01536	-0.64
0.0154	-0.64
0.01544	-0.66
0.01548	-0.66
0.01552	-0.66
0.01556	-0.68
0.0156	-0.68
0.01564	-0.68
0.01568	-0.7
0.01572	-0.7
0.01576	-0.72
0.0158	-0.72
0.01584	-0.74
0.01588	-0.74
0.01592	-0.74
0.01596	-0.74
0.016	-0.76
0.01604	-0.76
0.01608	-0.78
0.01612	-0.78
0.01616	-0.78
0.0162	-0.8
0.01624	-0.78
0.01628	-0.8
0.01632	-0.8
0.01636	-0.82
0.0164	-0.82
0.01644	-0.82
0.01648	-0.84
0.01652	-0.84
0.01656	-0.84
0.0166	-0.84
0.01664	-0.84
0.01668	-0.84
0.01672	-0.86
0.01676	-0.88
0.0168	-0.88
0.01684	-0.88
0.01688	-0.9
0.01692	-0.9
0.01696	-0.92
0.017	-0.9
0.01704	-0.9
0.01708	-0.92
0.01712	-0.92
0.01716	-0.92
0.0172	-0.92
0.01724	-0.92
0.01728	-0.94
0.01732	-0.94
0.01736	-0.94
0.0174	-0.96
0.01744	-0.94
0.01748	-0.96
0.01752	-0.98
0.01756	-0.96
0.0176	-0.98
0.01764	-0.98
0.01768	-0.98
0.01772	-0.98
0.01776	-0.98
0.0178	-100.000
0.01784	-100.000
0.01788	-100.000
0.01792	-100.000
0.01796	-100.000
0.018	-100.000
0.01804	-100.000
0.01808	-102.000
0.01812	-104.000
0.01816	-104.000
0.0182	-102.000
0.01824	-104.000
0.01828	-104.000
0.01832	-104.000
0.01836	-104.000
0.0184	-104.000
0.01844	-104.000
0.01848	-104.000
0.01852	-104.000
0.01856	-106.000
0.0186	-106.000
0.01864	-104.000
0.01868	-106.000
0.01872	-106.000
0.01876	-104.000
0.0188	-106.000
0.01884	-106.000
0.01888	-106.000
0.01892	-106.000
0.01896	-106.000
0.019	-108.000
0.01904	-108.000
0.01908	-106.000
0.01912	-106.000
0.01916	-106.000
0.0192	-106.000
0.01924	-106.000
0.01928	-106.000
0.01932	-108.000
0.01936	-106.000
0.0194	-108.000
0.01944	-108.000
0.01948	-106.000
0.01952	-106.000
0.01956	-108.000
0.0196	-108.000
0.01964	-108.000
0.01968	-108.000
0.01972	-106.000
0.01976	-108.000
0.0198	-108.000
0.01984	-108.000
0.01988	-106.000
0.01992	-108.000
0.01996	-108.000
0.02	-108.000
0.02004	-108.000
0.02008	-106.000
0.02012	-106.000
0.02016	-106.000
0.0202	-106.000
0.02024	-106.000
0.02028	-106.000
0.02032	-106.000
0.02036	-106.000
0.0204	-106.000
0.02044	-104.000
0.02048	-106.000
0.02052	-106.000
0.02056	-104.000
0.0206	-104.000
0.02064	-104.000
0.02068	-104.000
0.02072	-104.000
0.02076	-104.000
0.0208	-104.000
0.02084	-104.000
0.02088	-102.000
0.02092	-104.000
0.02096	-102.000
0.021	-102.000
0.02104	-102.000
0.02108	-102.000
0.02112	-102.000
0.02116	-102.000
0.0212	-102.000
0.02124	-102.000
0.02128	-100.000
0.02132	-100.000
0.02136	-100.000
0.0214	-100.000
0.02144	-100.000
0.02148	-0.98
0.02152	-0.98
0.02156	-0.98
0.0216	-0.98
0.02164	-0.96
0.02168	-0.96
0.02172	-0.96
0.02176	-0.96
0.0218	-0.94
0.02184	-0.94
0.02188	-0.94
0.02192	-0.94
0.02196	-0.94
0.022	-0.92
0.02204	-0.92
0.02208	-0.92
0.02212	-0.92
0.02216	-0.9
0.0222	-0.9
0.02224	-0.9
0.02228	-0.9
0.02232	-0.88
0.02236	-0.88
0.0224	-0.88
0.02244	-0.86
0.02248	-0.86
0.02252	-0.86
0.02256	-0.86
0.0226	-0.86
0.02264	-0.84
0.02268	-0.84
0.02272	-0.84
0.02276	-0.82
0.0228	-0.82
0.02284	-0.82
0.02288	-0.8
0.02292	-0.8
0.02296	-0.8
0.023	-0.8
0.02304	-0.78
0.02308	-0.78
0.02312	-0.76
0.02316	-0.76
0.0232	-0.74
0.02324	-0.76
0.02328	-0.74
0.02332	-0.74
0.02336	-0.72
0.0234	-0.72
0.02344	-0.7
0.02348	-0.7
0.02352	-0.7
0.02356	-0.7
0.0236	-0.68
0.02364	-0.66
0.02368	-0.68
0.02372	-0.66
0.02376	-0.66
0.0238	-0.66
0.02384	-0.66
0.02388	-0.64
0.02392	-0.64
0.02396	-0.62
0.024	-0.62
0.02404	-0.6
0.02408	-0.6
0.02412	-0.58
0.02416	-0.58
0.0242	-0.58
0.02424	-0.56
0.02428	-0.54
0.02432	-0.54
0.02436	-0.54
0.0244	-0.52
0.02444	-0.52
0.02448	-0.5
0.02452	-0.52
0.02456	-0.5
0.0246	-0.48
0.02464	-0.46
0.02468	-0.46
0.02472	-0.46
0.02476	-0.46
0.0248	-0.46
0.02484	-0.44
0.02488	-0.42
0.02492	-0.42
0.02496	-0.42
0.025	-0.4
0.02504	-0.4
0.02508	-0.38
0.02512	-0.36
0.02516	-0.36
0.0252	-0.34
0.02524	-0.34
0.02528	-0.34
0.02532	-0.34
0.02536	-0.32
0.0254	-0.3
0.02544	-0.3
0.02548	-0.28
0.02552	-0.28
0.02556	-0.26
0.0256	-0.26
0.02564	-0.26
0.02568	-0.24
0.02572	-0.24
0.02576	-0.22
0.0258	-0.22
0.02584	-0.2
0.02588	-0.2
0.02592	-0.2
0.02596	-0.16
0.026	-0.2
0.02604	-0.18
0.02608	-0.16
0.02612	-0.14
0.02616	-0.14
0.0262	-0.12
0.02624	-0.1
0.02628	-0.1
0.02632	-0.12
0.02636	-0.1
0.0264	-0.08
0.02644	-0.06
0.02648	-0.06
0.02652	-0.06
0.02656	-0.06
0.0266	-0.02
0.02664	-0.02
0.02668	-0.02
0.02672	0
0.02676	0
0.0268	0.02
0.02684	0.02
0.02688	0.02
0.02692	0.04
0.02696	0.06
0.027	0.04
0.02704	0.08
0.02708	0.08
0.02712	0.1
0.02716	0.12
0.0272	0.12
0.02724	0.12
0.02728	0.12
0.02732	0.14
0.02736	0.16
0.0274	0.16
0.02744	0.18
0.02748	0.16
0.02752	0.16
0.02756	0.18
0.0276	0.22
0.02764	0.22
0.02768	0.22
0.02772	0.24
0.02776	0.24
0.0278	0.24
0.02784	0.26
0.02788	0.26
0.02792	0.28
0.02796	0.28
0.028	0.3
0.02804	0.3
0.02808	0.32
0.02812	0.34
0.02816	0.34
0.0282	0.34
0.02824	0.36
0.02828	0.36
0.02832	0.36
0.02836	0.38
0.0284	0.38
0.02844	0.4
0.02848	0.42
0.02852	0.4
0.02856	0.42
0.0286	0.42
0.02864	0.44
0.02868	0.46
0.02872	0.46
0.02876	0.46
0.0288	0.48
0.02884	0.48
0.02888	0.48
0.02892	0.5
0.02896	0.52
0.029	0.52
0.02904	0.52
0.02908	0.52
0.02912	0.54
0.02916	0.54
0.0292	0.56
0.02924	0.56
0.02928	0.58
0.02932	0.58
0.02936	0.58
0.0294	0.6
0.02944	0.6
0.02948	0.62
0.02952	0.62
0.02956	0.62
0.0296	0.64
0.02964	0.66
0.02968	0.64
0.02972	0.66
0.02976	0.66
0.0298	0.68
0.02984	0.68
0.02988	0.7
0.02992	0.7
0.02996	0.72
0.03	0.7
0.03004	0.7
0.03008	0.72
0.03012	0.74
0.03016	0.74
0.0302	0.74
0.03024	0.76
0.03028	0.76
0.03032	0.78
0.03036	0.78
0.0304	0.78
0.03044	0.78
0.03048	0.8
0.03052	0.8
0.03056	0.8
0.0306	0.82
0.03064	0.82
0.03068	0.82
0.03072	0.82
0.03076	0.84
0.0308	0.86
0.03084	0.84
0.03088	0.84
0.03092	0.86
0.03096	0.86
0.031	0.86
0.03104	0.88
0.03108	0.88
0.03112	0.9
0.03116	0.88
0.0312	0.88
0.03124	0.92
0.03128	0.9
0.03132	0.92
0.03136	0.92
0.0314	0.92
0.03144	0.94
0.03148	0.94
0.03152	0.94
0.03156	0.92
0.0316	0.96
0.03164	0.96
0.03168	0.96
0.03172	0.96
0.03176	0.96
0.0318	0.96
0.03184	0.96
0.03188	0.96
0.03192	0.98
0.03196	0.98
0.032	0.98
0.03204	100.000
0.03208	100.000
0.03212	100.000
0.03216	100.000
0.0322	102.000
0.03224	102.000
0.03228	102.000
0.03232	102.000
0.03236	102.000
0.0324	102.000
0.03244	102.000
0.03248	102.000
0.03252	104.000
0.03256	102.000
0.0326	104.000
0.03264	104.000
0.03268	104.000
0.03272	104.000
0.03276	104.000
0.0328	104.000
0.03284	106.000
0.03288	104.000
0.03292	106.000
0.03296	106.000
0.033	106.000
0.03304	106.000
0.03308	106.000
0.03312	106.000
0.03316	106.000
0.0332	106.000
0.03324	106.000
0.03328	106.000
0.03332	108.000
0.03336	106.000
0.0334	106.000
0.03344	108.000
0.03348	106.000
0.03352	108.000
0.03356	108.000
0.0336	108.000
0.03364	106.000
0.03368	108.000
0.03372	106.000
0.03376	108.000
0.0338	106.000
0.03384	110.000
0.03388	106.000
0.03392	108.000
0.03396	106.000
0.034	108.000
0.03404	108.000
0.03408	108.000
0.03412	106.000
0.03416	108.000
0.0342	106.000
0.03424	108.000
0.03428	108.000
0.03432	106.000
0.03436	106.000
0.0344	106.000
0.03444	108.000
0.03448	106.000
0.03452	108.000
0.03456	106.000
0.0346	106.000
0.03464	106.000
0.03468	106.000
0.03472	106.000
0.03476	106.000
0.0348	104.000
0.03484	104.000
0.03488	104.000
0.03492	106.000
0.03496	104.000
0.035	106.000
0.03504	104.000
0.03508	106.000
0.03512	104.000
0.03516	104.000
0.0352	104.000
0.03524	104.000
0.03528	102.000
0.03532	102.000
0.03536	102.000
0.0354	104.000
0.03544	102.000
0.03548	100.000
0.03552	102.000
0.03556	102.000
0.0356	102.000
0.03564	102.000
0.03568	0.98
0.03572	100.000
0.03576	0.98
0.0358	0.98
0.03584	0.98
0.03588	0.98
0.03592	0.98
0.03596	0.98
0.036	0.96
0.03604	0.98
0.03608	0.96
0.03612	0.96
0.03616	0.94
0.0362	0.92
0.03624	0.94
0.03628	0.94
0.03632	0.94
0.03636	0.94
0.0364	0.92
0.03644	0.92
0.03648	0.92
0.03652	0.9
0.03656	0.9
0.0366	0.9
0.03664	0.88
0.03668	0.88
0.03672	0.88
0.03676	0.86
0.0368	0.86
0.03684	0.86
0.03688	0.86
0.03692	0.86
0.03696	0.84
0.037	0.84
0.03704	0.84
0.03708	0.84
0.03712	0.82
0.03716	0.8
0.0372	0.8
0.03724	0.8
0.03728	0.78
0.03732	0.78
0.03736	0.78
0.0374	0.78
0.03744	0.76
0.03748	0.76
0.03752	0.76
0.03756	0.74
0.0376	0.76
0.03764	0.72
0.03768	0.72
0.03772	0.72
0.03776	0.7
0.0378	0.7
0.03784	0.7
0.03788	0.68
0.03792	0.68
0.03796	0.68
0.038	0.68
0.03804	0.66
0.03808	0.66
0.03812	0.66
0.03816	0.64
0.0382	0.64
0.03824	0.62
0.03828	0.62
0.03832	0.6
0.03836	0.6
0.0384	0.6
0.03844	0.58
0.03848	0.58
0.03852	0.58
0.03856	0.56
0.0386	0.56
0.03864	0.56
0.03868	0.52
0.03872	0.52
0.03876	0.52
0.0388	0.52
0.03884	0.5
0.03888	0.5
0.03892	0.48
0.03896	0.48
0.039	0.48
0.03904	0.46
0.03908	0.44
0.03912	0.44
0.03916	0.44
0.0392	0.44
0.03924	0.42
0.03928	0.42
0.03932	0.4
0.03936	0.38
0.0394	0.4
0.03944	0.38
0.03948	0.36
0.03952	0.34
0.03956	0.34
0.0396	0.34
0.03964	0.34
0.03968	0.32
0.03972	0.32
0.03976	0.28
0.0398	0.3
0.03984	0.28
0.03988	0.28
0.03992	0.26
0.03996	0.26
0.04	0.24
0.04004	0.24
0.04008	0.24
0.04012	0.22
0.04016	0.22
0.0402	0.2
0.04024	0.18
0.04028	0.18
0.04032	0.16
0.04036	0.16
0.0404	0.16
0.04044	0.14
0.04048	0.14
0.04052	0.12
0.04056	0.1
0.0406	0.1
0.04064	0.08
0.04068	0.08
0.04072	0.08
0.04076	0.08
0.0408	0.06
0.04084	0.06
0.04088	0.04
0.04092	0.02
0.04096	0.02
0.041	0
0.04104	0
0.04108	-0.02
0.04112	0
0.04116	-0.02
0.0412	-0.04
0.04124	-0.04
0.04128	-0.06
0.04132	-0.06
0.04136	-0.08
0.0414	-0.08
0.04144	-0.1
0.04148	-0.1
0.04152	-0.12
0.04156	-0.12
0.0416	-0.14
0.04164	-0.14
0.04168	-0.14
0.04172	-0.16
0.04176	-0.16
0.0418	-0.18
0.04184	-0.18
0.04188	-0.2
0.04192	-0.2
0.04196	-0.22
0.042	-0.24
0.04204	-0.24
0.04208	-0.24
0.04212	-0.24
0.04216	-0.28
0.0422	-0.28
0.04224	-0.28
0.04228	-0.3
0.04232	-0.3
0.04236	-0.32
0.0424	-0.32
0.04244	-0.32
0.04248	-0.32
0.04252	-0.34
0.04256	-0.34
0.0426	-0.36
0.04264	-0.36
0.04268	-0.38
0.04272	-0.4
0.04276	-0.4
0.0428	-0.4
0.04284	-0.4
0.04288	-0.42
0.04292	-0.42
0.04296	-0.44
0.043	-0.46
0.04304	-0.46
0.04308	-0.46
0.04312	-0.48
0.04316	-0.5
0.0432	-0.48
0.04324	-0.5
0.04328	-0.5
0.04332	-0.52
0.04336	-0.5
0.0434	-0.52
0.04344	-0.54
0.04348	-0.54
0.04352	-0.54
0.04356	-0.56
0.0436	-0.58
0.04364	-0.58
0.04368	-0.6
0.04372	-0.6
0.04376	-0.62
0.0438	-0.62
0.04384	-0.64
0.04388	-0.64
0.04392	-0.66
0.04396	-0.64
0.044	-0.66
0.04404	-0.66
0.04408	-0.66
0.04412	-0.68
0.04416	-0.68
0.0442	-0.68
0.04424	-0.7
0.04428	-0.7
0.04432	-0.7
0.04436	-0.74
0.0444	-0.72
0.04444	-0.74
0.04448	-0.74
0.04452	-0.76
0.04456	-0.74
0.0446	-0.74
0.04464	-0.76
0.04468	-0.76
0.04472	-0.78
0.04476	-0.78
0.0448	-0.8
0.04484	-0.8
0.04488	-0.8
0.04492	-0.82
0.04496	-0.8
0.045	-0.82
0.04504	-0.84
0.04508	-0.84
0.04512	-0.84
0.04516	-0.84
0.0452	-0.86
0.04524	-0.84
0.04528	-0.86
0.04532	-0.86
0.04536	-0.88
0.0454	-0.88
0.04544	-0.9
0.04548	-0.9
0.04552	-0.9
0.04556	-0.9
0.0456	-0.9
0.04564	-0.92
0.04568	-0.92
0.04572	-0.92
0.04576	-0.94
0.0458	-0.94
0.04584	-0.94
0.04588	-0.94
0.04592	-0.94
0.04596	-0.96
0.046	-0.96
0.04604	-0.94
0.04608	-0.96
0.04612	-0.98
0.04616	-0.98
0.0462	-0.98
0.04624	-0.98
0.04628	-100.000
0.04632	-0.98
0.04636	-100.000
0.0464	-100.000
0.04644	-100.000
0.04648	-100.000
0.04652	-102.000
0.04656	-100.000
0.0466	-102.000
0.04664	-102.000
0.04668	-102.000
0.04672	-102.000
0.04676	-102.000
0.0468	-102.000
0.04684	-102.000
0.04688	-104.000
0.04692	-104.000
0.04696	-104.000
0.047	-104.000
0.04704	-104.000
0.04708	-104.000
0.04712	-104.000
0.04716	-104.000
0.0472	-106.000
0.04724	-106.000
0.04728	-106.000
0.04732	-106.000
0.04736	-104.000
0.0474	-106.000
0.04744	-106.000
0.04748	-106.000
0.04752	-108.000
0.04756	-106.000
0.0476	-108.000
0.04764	-106.000
0.04768	-108.000
0.04772	-106.000
0.04776	-106.000
0.0478	-108.000
0.04784	-108.000
0.04788	-108.000
0.04792	-106.000
0.04796	-106.000
0.048	-108.000
0.04804	-108.000
0.04808	-106.000
0.04812	-106.000
0.04816	-106.000
0.0482	-108.000
0.04824	-108.000
0.04828	-108.000
0.04832	-106.000
0.04836	-106.000
0.0484	-106.000
0.04844	-106.000
0.04848	-106.000
0.04852	-108.000
0.04856	-106.000
0.0486	-108.000
0.04864	-106.000
0.04868	-106.000
0.04872	-106.000
0.04876	-106.000
0.0488	-106.000
0.04884	-106.000
0.04888	-106.000
0.04892	-108.000
0.04896	-106.000
0.049	-106.000
0.04904	-106.000
0.04908	-106.000
0.04912	-104.000
0.04916	-106.000
0.0492	-104.000
0.04924	-104.000
0.04928	-104.000
0.04932	-104.000
0.04936	-104.000
0.0494	-104.000
0.04944	-104.000
0.04948	-104.000
0.04952	-104.000
0.04956	-104.000
0.0496	-102.000
0.04964	-102.000
0.04968	-104.000
0.04972	-102.000
0.04976	-102.000
0.0498	-100.000
0.04984	-100.000
0.04988	-100.000
0.04992	-100.000
0.04996	-100.000
