-0.005	0.128
-0.004996	0.12
-0.004992	0.112
-0.004988	0.12
-0.004984	0.128
-0.00498	0.12
-0.004976	0.112
-0.004972	0.112
-0.004968	0.12
-0.004964	0.128
-0.00496	0.12
-0.004956	0.104
-0.004952	0.12
-0.004948	0.112
-0.004944	0.104
-0.00494	0.12
-0.004936	0.112
-0.004932	0.112
-0.004928	0.12
-0.004924	0.12
-0.00492	0.12
-0.004916	0.104
-0.004912	0.104
-0.004908	0.112
-0.004904	0.112
-0.0049	0.112
-0.004896	0.112
-0.004892	0.112
-0.004888	0.104
-0.004884	0.096
-0.00488	0.088
-0.004876	0.088
-0.004872	0.104
-0.004868	0.096
-0.004864	0.096
-0.00486	0.088
-0.004856	0.096
-0.004852	0.08
-0.004848	0.104
-0.004844	0.096
-0.00484	0.096
-0.004836	0.096
-0.004832	0.096
-0.004828	0.088
-0.004824	0.088
-0.00482	0.088
-0.004816	0.088
-0.004812	0.088
-0.004808	0.088
-0.004804	0.072
-0.0048	0.08
-0.004796	0.072
-0.004792	0.064
-0.004788	0.08
-0.004784	0.088
-0.00478	0.072
-0.004776	0.072
-0.004772	0.08
-0.004768	0.088
-0.004764	0.064
-0.00476	0.064
-0.004756	0.064
-0.004752	0.056
-0.004748	0.056
-0.004744	0.064
-0.00474	0.064
-0.004736	0.064
-0.004732	0.064
-0.004728	0.064
-0.004724	0.056
-0.00472	0.04
-0.004716	0.048
-0.004712	0.056
-0.004708	0.056
-0.004704	0.064
-0.0047	0.056
-0.004696	0.048
-0.004692	0.032
-0.004688	0.048
-0.004684	0.032
-0.00468	0.04
-0.004676	0.04
-0.004672	0.04
-0.004668	0.048
-0.004664	0.048
-0.00466	0.032
-0.004656	0.04
-0.004652	0.04
-0.004648	0.032
-0.004644	0.032
-0.00464	0.032
-0.004636	0.024
-0.004632	0.016
-0.004628	0.032
-0.004624	0.024
-0.00462	0.024
-0.004616	0.016
-0.004612	0.016
-0.004608	0.016
-0.004604	0.016
-0.0046	0.016
-0.004596	0
-0.004592	0.008
-0.004588	0.016
-0.004584	0.008
-0.00458	0.008
-0.004576	0
-0.004572	0.016
-0.004568	0.008
-0.004564	0.008
-0.00456	-0.008
-0.004556	-0.008
-0.004552	0.008
-0.004548	0.008
-0.004544	-0.008
-0.00454	-0.008
-0.004536	-0.008
-0.004532	-0.008
-0.004528	-0.008
-0.004524	-0.016
-0.00452	-0.016
-0.004516	-0.008
-0.004512	-0.016
-0.004508	-0.016
-0.004504	-0.016
-0.0045	-0.024
-0.004496	-0.024
-0.004492	-0.016
-0.004488	-0.024
-0.004484	-0.016
-0.00448	-0.024
-0.004476	-0.024
-0.004472	-0.032
-0.004468	-0.04
-0.004464	-0.032
-0.00446	-0.024
-0.004456	-0.04
-0.004452	-0.048
-0.004448	-0.032
-0.004444	-0.048
-0.00444	-0.048
-0.004436	-0.04
-0.004432	-0.048
-0.004428	-0.04
-0.004424	-0.048
-0.00442	-0.048
-0.004416	-0.048
-0.004412	-0.056
-0.004408	-0.048
-0.004404	-0.056
-0.0044	-0.048
-0.004396	-0.064
-0.004392	-0.056
-0.004388	-0.064
-0.004384	-0.056
-0.00438	-0.056
-0.004376	-0.064
-0.004372	-0.064
-0.004368	-0.064
-0.004364	-0.064
-0.00436	-0.064
-0.004356	-0.064
-0.004352	-0.072
-0.004348	-0.072
-0.004344	-0.088
-0.00434	-0.064
-0.004336	-0.08
-0.004332	-0.072
-0.004328	-0.072
-0.004324	-0.08
-0.00432	-0.088
-0.004316	-0.08
-0.004312	-0.08
-0.004308	-0.08
-0.004304	-0.08
-0.0043	-0.088
-0.004296	-0.072
-0.004292	-0.088
-0.004288	-0.072
-0.004284	-0.08
-0.00428	-0.08
-0.004276	-0.096
-0.004272	-0.096
-0.004268	-0.096
-0.004264	-0.088
-0.00426	-0.104
-0.004256	-0.104
-0.004252	-0.096
-0.004248	-0.104
-0.004244	-0.088
-0.00424	-0.104
-0.004236	-0.104
-0.004232	-0.112
-0.004228	-0.104
-0.004224	-0.104
-0.00422	-0.104
-0.004216	-0.104
-0.004212	-0.112
-0.004208	-0.12
-0.004204	-0.112
-0.0042	-0.104
-0.004196	-0.112
-0.004192	-0.112
-0.004188	-0.112
-0.004184	-0.12
-0.00418	-0.112
-0.004176	-0.12
-0.004172	-0.12
-0.004168	-0.12
-0.004164	-0.112
-0.00416	-0.112
-0.004156	-0.128
-0.004152	-0.128
-0.004148	-0.12
-0.004144	-0.12
-0.00414	-0.136
-0.004136	-0.12
-0.004132	-0.12
-0.004128	-0.12
-0.004124	-0.112
-0.00412	-0.128
-0.004116	-0.112
-0.004112	-0.112
-0.004108	-0.128
-0.004104	-0.128
-0.0041	-0.136
-0.004096	-0.136
-0.004092	-0.128
-0.004088	-0.128
-0.004084	-0.128
-0.00408	-0.128
-0.004076	-0.12
-0.004072	-0.136
-0.004068	-0.128
-0.004064	-0.136
-0.00406	-0.144
-0.004056	-0.144
-0.004052	-0.144
-0.004048	-0.136
-0.004044	-0.136
-0.00404	-0.136
-0.004036	-0.128
-0.004032	-0.136
-0.004028	-0.136
-0.004024	-0.136
-0.00402	-0.136
-0.004016	-0.136
-0.004012	-0.144
-0.004008	-0.136
-0.004004	-0.136
-0.004	-0.144
-0.003996	-0.136
-0.003992	-0.144
-0.003988	-0.136
-0.003984	-0.136
-0.00398	-0.144
-0.003976	-0.136
-0.003972	-0.144
-0.003968	-0.136
-0.003964	-0.144
-0.00396	-0.136
-0.003956	-0.136
-0.003952	-0.152
-0.003948	-0.152
-0.003944	-0.128
-0.00394	-0.144
-0.003936	-0.144
-0.003932	-0.144
-0.003928	-0.136
-0.003924	-0.144
-0.00392	-0.136
-0.003916	-0.144
-0.003912	-0.144
-0.003908	-0.152
-0.003904	-0.144
-0.0039	-0.144
-0.003896	-0.144
-0.003892	-0.144
-0.003888	-0.144
-0.003884	-0.136
-0.00388	-0.144
-0.003876	-0.144
-0.003872	-0.152
-0.003868	-0.136
-0.003864	-0.136
-0.00386	-0.136
-0.003856	-0.144
-0.003852	-0.136
-0.003848	-0.136
-0.003844	-0.144
-0.00384	-0.136
-0.003836	-0.12
-0.003832	-0.144
-0.003828	-0.136
-0.003824	-0.136
-0.00382	-0.136
-0.003816	-0.136
-0.003812	-0.128
-0.003808	-0.128
-0.003804	-0.136
-0.0038	-0.136
-0.003796	-0.128
-0.003792	-0.12
-0.003788	-0.136
-0.003784	-0.136
-0.00378	-0.128
-0.003776	-0.136
-0.003772	-0.136
-0.003768	-0.128
-0.003764	-0.128
-0.00376	-0.136
-0.003756	-0.12
-0.003752	-0.128
-0.003748	-0.136
-0.003744	-0.128
-0.00374	-0.112
-0.003736	-0.136
-0.003732	-0.128
-0.003728	-0.12
-0.003724	-0.12
-0.00372	-0.12
-0.003716	-0.128
-0.003712	-0.12
-0.003708	-0.12
-0.003704	-0.128
-0.0037	-0.12
-0.003696	-0.12
-0.003692	-0.12
-0.003688	-0.12
-0.003684	-0.128
-0.00368	-0.12
-0.003676	-0.112
-0.003672	-0.112
-0.003668	-0.112
-0.003664	-0.112
-0.00366	-0.104
-0.003656	-0.112
-0.003652	-0.112
-0.003648	-0.104
-0.003644	-0.112
-0.00364	-0.104
-0.003636	-0.104
-0.003632	-0.104
-0.003628	-0.104
-0.003624	-0.104
-0.00362	-0.096
-0.003616	-0.104
-0.003612	-0.088
-0.003608	-0.104
-0.003604	-0.096
-0.0036	-0.104
-0.003596	-0.088
-0.003592	-0.088
-0.003588	-0.088
-0.003584	-0.088
-0.00358	-0.08
-0.003576	-0.088
-0.003572	-0.096
-0.003568	-0.08
-0.003564	-0.088
-0.00356	-0.088
-0.003556	-0.088
-0.003552	-0.088
-0.003548	-0.08
-0.003544	-0.088
-0.00354	-0.08
-0.003536	-0.08
-0.003532	-0.072
-0.003528	-0.072
-0.003524	-0.072
-0.00352	-0.08
-0.003516	-0.08
-0.003512	-0.072
-0.003508	-0.064
-0.003504	-0.072
-0.0035	-0.072
-0.003496	-0.072
-0.003492	-0.056
-0.003488	-0.072
-0.003484	-0.056
-0.00348	-0.048
-0.003476	-0.064
-0.003472	-0.064
-0.003468	-0.064
-0.003464	-0.072
-0.00346	-0.056
-0.003456	-0.048
-0.003452	-0.048
-0.003448	-0.048
-0.003444	-0.056
-0.00344	-0.048
-0.003436	-0.056
-0.003432	-0.048
-0.003428	-0.048
-0.003424	-0.04
-0.00342	-0.048
-0.003416	-0.04
-0.003412	-0.04
-0.003408	-0.04
-0.003404	-0.048
-0.0034	-0.032
-0.003396	-0.032
-0.003392	-0.04
-0.003388	-0.032
-0.003384	-0.04
-0.00338	-0.032
-0.003376	-0.024
-0.003372	-0.024
-0.003368	-0.024
-0.003364	-0.016
-0.00336	-0.024
-0.003356	-0.032
-0.003352	-0.024
-0.003348	-0.024
-0.003344	-0.016
-0.00334	-0.016
-0.003336	-0.016
-0.003332	-0.016
-0.003328	-0.016
-0.003324	-0.016
-0.00332	-0.008
-0.003316	-0.008
-0.003312	-0.008
-0.003308	-0.008
-0.003304	-0.008
-0.0033	0
-0.003296	-0.008
-0.003292	0
-0.003288	0.008
-0.003284	0
-0.00328	0
-0.003276	0.008
-0.003272	0.016
-0.003268	0
-0.003264	0.008
-0.00326	0.024
-0.003256	0.016
-0.003252	0.008
-0.003248	0.016
-0.003244	0.016
-0.00324	0.016
-0.003236	0.016
-0.003232	0.032
-0.003228	0.024
-0.003224	0.016
-0.00322	0.032
-0.003216	0.024
-0.003212	0.024
-0.003208	0.032
-0.003204	0.04
-0.0032	0.04
-0.003196	0.032
-0.003192	0.04
-0.003188	0.032
-0.003184	0.032
-0.00318	0.04
-0.003176	0.04
-0.003172	0.048
-0.003168	0.04
-0.003164	0.032
-0.00316	0.04
-0.003156	0.048
-0.003152	0.056
-0.003148	0.048
-0.003144	0.056
-0.00314	0.048
-0.003136	0.064
-0.003132	0.056
-0.003128	0.056
-0.003124	0.056
-0.00312	0.064
-0.003116	0.048
-0.003112	0.072
-0.003108	0.064
-0.003104	0.064
-0.0031	0.064
-0.003096	0.08
-0.003092	0.064
-0.003088	0.064
-0.003084	0.072
-0.00308	0.072
-0.003076	0.072
-0.003072	0.088
-0.003068	0.088
-0.003064	0.072
-0.00306	0.072
-0.003056	0.072
-0.003052	0.08
-0.003048	0.088
-0.003044	0.096
-0.00304	0.088
-0.003036	0.072
-0.003032	0.088
-0.003028	0.088
-0.003024	0.096
-0.00302	0.088
-0.003016	0.088
-0.003012	0.088
-0.003008	0.08
-0.003004	0.08
-0.003	0.088
-0.002996	0.104
-0.002992	0.096
-0.002988	0.088
-0.002984	0.096
-0.00298	0.112
-0.002976	0.112
-0.002972	0.096
-0.002968	0.096
-0.002964	0.096
-0.00296	0.104
-0.002956	0.112
-0.002952	0.104
-0.002948	0.104
-0.002944	0.104
-0.00294	0.104
-0.002936	0.112
-0.002932	0.104
-0.002928	0.104
-0.002924	0.112
-0.00292	0.104
-0.002916	0.112
-0.002912	0.112
-0.002908	0.104
-0.002904	0.12
-0.0029	0.112
-0.002896	0.12
-0.002892	0.112
-0.002888	0.112
-0.002884	0.128
-0.00288	0.12
-0.002876	0.128
-0.002872	0.12
-0.002868	0.128
-0.002864	0.112
-0.00286	0.12
-0.002856	0.12
-0.002852	0.128
-0.002848	0.128
-0.002844	0.12
-0.00284	0.136
-0.002836	0.112
-0.002832	0.128
-0.002828	0.128
-0.002824	0.128
-0.00282	0.128
-0.002816	0.128
-0.002812	0.128
-0.002808	0.12
-0.002804	0.136
-0.0028	0.128
-0.002796	0.128
-0.002792	0.12
-0.002788	0.136
-0.002784	0.128
-0.00278	0.12
-0.002776	0.136
-0.002772	0.128
-0.002768	0.136
-0.002764	0.128
-0.00276	0.136
-0.002756	0.128
-0.002752	0.128
-0.002748	0.136
-0.002744	0.136
-0.00274	0.136
-0.002736	0.144
-0.002732	0.144
-0.002728	0.136
-0.002724	0.136
-0.00272	0.136
-0.002716	0.128
-0.002712	0.136
-0.002708	0.136
-0.002704	0.144
-0.0027	0.136
-0.002696	0.136
-0.002692	0.144
-0.002688	0.144
-0.002684	0.136
-0.00268	0.144
-0.002676	0.136
-0.002672	0.136
-0.002668	0.128
-0.002664	0.144
-0.00266	0.136
-0.002656	0.136
-0.002652	0.136
-0.002648	0.144
-0.002644	0.136
-0.00264	0.136
-0.002636	0.144
-0.002632	0.136
-0.002628	0.136
-0.002624	0.136
-0.00262	0.128
-0.002616	0.128
-0.002612	0.136
-0.002608	0.144
-0.002604	0.144
-0.0026	0.128
-0.002596	0.144
-0.002592	0.136
-0.002588	0.128
-0.002584	0.128
-0.00258	0.128
-0.002576	0.128
-0.002572	0.136
-0.002568	0.136
-0.002564	0.12
-0.00256	0.128
-0.002556	0.136
-0.002552	0.12
-0.002548	0.128
-0.002544	0.128
-0.00254	0.12
-0.002536	0.128
-0.002532	0.128
-0.002528	0.128
-0.002524	0.128
-0.00252	0.128
-0.002516	0.136
-0.002512	0.12
-0.002508	0.12
-0.002504	0.128
-0.0025	0.112
-0.002496	0.112
-0.002492	0.136
-0.002488	0.12
-0.002484	0.128
-0.00248	0.12
-0.002476	0.112
-0.002472	0.112
-0.002468	0.128
-0.002464	0.12
-0.00246	0.112
-0.002456	0.112
-0.002452	0.128
-0.002448	0.12
-0.002444	0.112
-0.00244	0.104
-0.002436	0.12
-0.002432	0.112
-0.002428	0.12
-0.002424	0.112
-0.00242	0.112
-0.002416	0.12
-0.002412	0.112
-0.002408	0.104
-0.002404	0.112
-0.0024	0.104
-0.002396	0.104
-0.002392	0.104
-0.002388	0.104
-0.002384	0.088
-0.00238	0.096
-0.002376	0.096
-0.002372	0.096
-0.002368	0.104
-0.002364	0.096
-0.00236	0.096
-0.002356	0.096
-0.002352	0.088
-0.002348	0.08
-0.002344	0.088
-0.00234	0.088
-0.002336	0.096
-0.002332	0.08
-0.002328	0.096
-0.002324	0.088
-0.00232	0.072
-0.002316	0.08
-0.002312	0.088
-0.002308	0.08
-0.002304	0.088
-0.0023	0.08
-0.002296	0.08
-0.002292	0.08
-0.002288	0.08
-0.002284	0.072
-0.00228	0.064
-0.002276	0.064
-0.002272	0.08
-0.002268	0.08
-0.002264	0.072
-0.00226	0.064
-0.002256	0.072
-0.002252	0.072
-0.002248	0.072
-0.002244	0.064
-0.00224	0.072
-0.002236	0.064
-0.002232	0.064
-0.002228	0.056
-0.002224	0.056
-0.00222	0.056
-0.002216	0.056
-0.002212	0.056
-0.002208	0.048
-0.002204	0.048
-0.0022	0.04
-0.002196	0.048
-0.002192	0.048
-0.002188	0.04
-0.002184	0.04
-0.00218	0.032
-0.002176	0.032
-0.002172	0.048
-0.002168	0.032
-0.002164	0.048
-0.00216	0.04
-0.002156	0.04
-0.002152	0.024
-0.002148	0.032
-0.002144	0.04
-0.00214	0.024
-0.002136	0.024
-0.002132	0.016
-0.002128	0.016
-0.002124	0.016
-0.00212	0.016
-0.002116	0.024
-0.002112	0.016
-0.002108	0.024
-0.002104	0.016
-0.0021	0.024
-0.002096	0.024
-0.002092	0.024
-0.002088	0.016
-0.002084	0
-0.00208	0
-0.002076	0.008
-0.002072	0
-0.002068	0
-0.002064	0.008
-0.00206	0
-0.002056	0
-0.002052	0.008
-0.002048	0
-0.002044	-0.016
-0.00204	-0.008
-0.002036	-0.016
-0.002032	-0.016
-0.002028	-0.016
-0.002024	0
-0.00202	-0.024
-0.002016	-0.024
-0.002012	-0.024
-0.002008	-0.016
-0.002004	-0.016
-0.002	-0.024
-0.001996	-0.024
-0.001992	-0.024
-0.001988	-0.024
-0.001984	-0.032
-0.00198	-0.032
-0.001976	-0.016
-0.001972	-0.024
-0.001968	-0.024
-0.001964	-0.024
-0.00196	-0.032
-0.001956	-0.032
-0.001952	-0.04
-0.001948	-0.04
-0.001944	-0.032
-0.00194	-0.04
-0.001936	-0.048
-0.001932	-0.048
-0.001928	-0.04
-0.001924	-0.048
-0.00192	-0.048
-0.001916	-0.048
-0.001912	-0.048
-0.001908	-0.056
-0.001904	-0.056
-0.0019	-0.056
-0.001896	-0.048
-0.001892	-0.056
-0.001888	-0.056
-0.001884	-0.064
-0.00188	-0.056
-0.001876	-0.064
-0.001872	-0.056
-0.001868	-0.056
-0.001864	-0.064
-0.00186	-0.064
-0.001856	-0.056
-0.001852	-0.064
-0.001848	-0.056
-0.001844	-0.08
-0.00184	-0.072
-0.001836	-0.072
-0.001832	-0.08
-0.001828	-0.08
-0.001824	-0.072
-0.00182	-0.072
-0.001816	-0.088
-0.001812	-0.08
-0.001808	-0.088
-0.001804	-0.088
-0.0018	-0.104
-0.001796	-0.088
-0.001792	-0.096
-0.001788	-0.08
-0.001784	-0.08
-0.00178	-0.088
-0.001776	-0.088
-0.001772	-0.08
-0.001768	-0.104
-0.001764	-0.096
-0.00176	-0.096
-0.001756	-0.104
-0.001752	-0.104
-0.001748	-0.088
-0.001744	-0.104
-0.00174	-0.104
-0.001736	-0.096
-0.001732	-0.096
-0.001728	-0.096
-0.001724	-0.112
-0.00172	-0.104
-0.001716	-0.104
-0.001712	-0.112
-0.001708	-0.104
-0.001704	-0.104
-0.0017	-0.12
-0.001696	-0.12
-0.001692	-0.112
-0.001688	-0.104
-0.001684	-0.112
-0.00168	-0.112
-0.001676	-0.12
-0.001672	-0.12
-0.001668	-0.128
-0.001664	-0.112
-0.00166	-0.128
-0.001656	-0.128
-0.001652	-0.12
-0.001648	-0.112
-0.001644	-0.128
-0.00164	-0.128
-0.001636	-0.128
-0.001632	-0.12
-0.001628	-0.12
-0.001624	-0.128
-0.00162	-0.12
-0.001616	-0.128
-0.001612	-0.128
-0.001608	-0.128
-0.001604	-0.128
-0.0016	-0.128
-0.001596	-0.12
-0.001592	-0.128
-0.001588	-0.136
-0.001584	-0.128
-0.00158	-0.128
-0.001576	-0.136
-0.001572	-0.128
-0.001568	-0.128
-0.001564	-0.136
-0.00156	-0.128
-0.001556	-0.136
-0.001552	-0.128
-0.001548	-0.128
-0.001544	-0.136
-0.00154	-0.128
-0.001536	-0.144
-0.001532	-0.144
-0.001528	-0.144
-0.001524	-0.144
-0.00152	-0.136
-0.001516	-0.136
-0.001512	-0.136
-0.001508	-0.136
-0.001504	-0.136
-0.0015	-0.136
-0.001496	-0.144
-0.001492	-0.136
-0.001488	-0.144
-0.001484	-0.144
-0.00148	-0.144
-0.001476	-0.136
-0.001472	-0.144
-0.001468	-0.144
-0.001464	-0.144
-0.00146	-0.136
-0.001456	-0.136
-0.001452	-0.136
-0.001448	-0.152
-0.001444	-0.144
-0.00144	-0.136
-0.001436	-0.144
-0.001432	-0.144
-0.001428	-0.136
-0.001424	-0.136
-0.00142	-0.136
-0.001416	-0.144
-0.001412	-0.144
-0.001408	-0.144
-0.001404	-0.136
-0.0014	-0.144
-0.001396	-0.144
-0.001392	-0.144
-0.001388	-0.144
-0.001384	-0.136
-0.00138	-0.144
-0.001376	-0.136
-0.001372	-0.144
-0.001368	-0.144
-0.001364	-0.152
-0.00136	-0.128
-0.001356	-0.144
-0.001352	-0.136
-0.001348	-0.128
-0.001344	-0.136
-0.00134	-0.128
-0.001336	-0.136
-0.001332	-0.144
-0.001328	-0.144
-0.001324	-0.136
-0.00132	-0.128
-0.001316	-0.136
-0.001312	-0.136
-0.001308	-0.128
-0.001304	-0.128
-0.0013	-0.136
-0.001296	-0.136
-0.001292	-0.12
-0.001288	-0.136
-0.001284	-0.136
-0.00128	-0.136
-0.001276	-0.136
-0.001272	-0.136
-0.001268	-0.128
-0.001264	-0.128
-0.00126	-0.128
-0.001256	-0.128
-0.001252	-0.136
-0.001248	-0.128
-0.001244	-0.128
-0.00124	-0.128
-0.001236	-0.12
-0.001232	-0.128
-0.001228	-0.128
-0.001224	-0.136
-0.00122	-0.112
-0.001216	-0.128
-0.001212	-0.12
-0.001208	-0.112
-0.001204	-0.12
-0.0012	-0.112
-0.001196	-0.12
-0.001192	-0.12
-0.001188	-0.12
-0.001184	-0.128
-0.00118	-0.128
-0.001176	-0.128
-0.001172	-0.12
-0.001168	-0.128
-0.001164	-0.096
-0.00116	-0.112
-0.001156	-0.104
-0.001152	-0.112
-0.001148	-0.104
-0.001144	-0.112
-0.00114	-0.104
-0.001136	-0.112
-0.001132	-0.112
-0.001128	-0.104
-0.001124	-0.104
-0.00112	-0.104
-0.001116	-0.096
-0.001112	-0.096
-0.001108	-0.096
-0.001104	-0.096
-0.0011	-0.104
-0.001096	-0.088
-0.001092	-0.088
-0.001088	-0.104
-0.001084	-0.088
-0.00108	-0.096
-0.001076	-0.096
-0.001072	-0.088
-0.001068	-0.08
-0.001064	-0.096
-0.00106	-0.088
-0.001056	-0.08
-0.001052	-0.096
-0.001048	-0.08
-0.001044	-0.08
-0.00104	-0.08
-0.001036	-0.08
-0.001032	-0.072
-0.001028	-0.08
-0.001024	-0.08
-0.00102	-0.08
-0.001016	-0.08
-0.001012	-0.064
-0.001008	-0.056
-0.001004	-0.064
-0.001	-0.064
-0.000996	-0.064
-0.000992	-0.064
-0.000988	-0.064
-0.000984	-0.064
-0.00098	-0.072
-0.000976	-0.064
-0.000972	-0.064
-0.000968	-0.056
-0.000964	-0.072
-0.00096	-0.056
-0.000956	-0.056
-0.000952	-0.048
-0.000948	-0.048
-0.000944	-0.056
-0.00094	-0.048
-0.000936	-0.04
-0.000932	-0.056
-0.000928	-0.056
-0.000924	-0.048
-0.00092	-0.04
-0.000916	-0.04
-0.000912	-0.04
-0.000908	-0.032
-0.000904	-0.032
-0.0009	-0.032
-0.000896	-0.024
-0.000892	-0.032
-0.000888	-0.032
-0.000884	-0.032
-0.00088	-0.032
-0.000876	-0.032
-0.000872	-0.024
-0.000868	-0.032
-0.000864	-0.016
-0.00086	-0.016
-0.000856	-0.016
-0.000852	-0.016
-0.000848	-0.016
-0.000844	-0.008
-0.00084	-0.016
-0.000836	-0.008
-0.000832	0.008
-0.000828	-0.008
-0.000824	-0.016
-0.00082	-0.016
-0.000816	-0.008
-0.000812	-0.008
-0.000808	0
-0.000804	-0.008
-0.0008	-0.008
-0.000796	0
-0.000792	-0.008
-0.000788	0
-0.000784	0.008
-0.00078	0
-0.000776	0
-0.000772	0.008
-0.000768	0.016
-0.000764	0.016
-0.00076	0.008
-0.000756	0.024
-0.000752	0.016
-0.000748	0.016
-0.000744	0.016
-0.00074	0.016
-0.000736	0.016
-0.000732	0.016
-0.000728	0.024
-0.000724	0.024
-0.00072	0.024
-0.000716	0.024
-0.000712	0.032
-0.000708	0.032
-0.000704	0.04
-0.0007	0.032
-0.000696	0.032
-0.000692	0.024
-0.000688	0.04
-0.000684	0.04
-0.00068	0.032
-0.000676	0.04
-0.000672	0.04
-0.000668	0.04
-0.000664	0.04
-0.00066	0.048
-0.000656	0.024
-0.000652	0.04
-0.000648	0.04
-0.000644	0.056
-0.00064	0.056
-0.000636	0.056
-0.000632	0.048
-0.000628	0.064
-0.000624	0.064
-0.00062	0.064
-0.000616	0.064
-0.000612	0.056
-0.000608	0.064
-0.000604	0.056
-0.0006	0.056
-0.000596	0.072
-0.000592	0.064
-0.000588	0.064
-0.000584	0.08
-0.00058	0.072
-0.000576	0.08
-0.000572	0.072
-0.000568	0.064
-0.000564	0.064
-0.00056	0.088
-0.000556	0.072
-0.000552	0.08
-0.000548	0.08
-0.000544	0.08
-0.00054	0.088
-0.000536	0.088
-0.000532	0.088
-0.000528	0.088
-0.000524	0.096
-0.00052	0.096
-0.000516	0.088
-0.000512	0.096
-0.000508	0.08
-0.000504	0.088
-0.0005	0.08
-0.000496	0.088
-0.000492	0.096
-0.000488	0.096
-0.000484	0.088
-0.00048	0.088
-0.000476	0.096
-0.000472	0.096
-0.000468	0.112
-0.000464	0.112
-0.00046	0.104
-0.000456	0.104
-0.000452	0.104
-0.000448	0.104
-0.000444	0.096
-0.00044	0.112
-0.000436	0.112
-0.000432	0.112
-0.000428	0.104
-0.000424	0.104
-0.00042	0.128
-0.000416	0.112
-0.000412	0.12
-0.000408	0.12
-0.000404	0.112
-0.0004	0.112
-0.000396	0.128
-0.000392	0.12
-0.000388	0.12
-0.000384	0.112
-0.00038	0.12
-0.000376	0.12
-0.000372	0.128
-0.000368	0.128
-0.000364	0.128
-0.00036	0.12
-0.000356	0.12
-0.000352	0.12
-0.000348	0.128
-0.000344	0.12
-0.00034	0.112
-0.000336	0.12
-0.000332	0.12
-0.000328	0.128
-0.000324	0.136
-0.00032	0.128
-0.000316	0.128
-0.000312	0.136
-0.000308	0.136
-0.000304	0.128
-0.0003	0.128
-0.000296	0.12
-0.000292	0.128
-0.000288	0.128
-0.000284	0.128
-0.00028	0.136
-0.000276	0.128
-0.000272	0.136
-0.000268	0.128
-0.000264	0.136
-0.00026	0.144
-0.000256	0.128
-0.000252	0.128
-0.000248	0.136
-0.000244	0.136
-0.00024	0.128
-0.000236	0.128
-0.000232	0.144
-0.000228	0.136
-0.000224	0.128
-0.00022	0.136
-0.000216	0.144
-0.000212	0.128
-0.000208	0.128
-0.000204	0.128
-0.0002	0.144
-0.000196	0.144
-0.000192	0.152
-0.000188	0.136
-0.000184	0.144
-0.00018	0.136
-0.000176	0.136
-0.000172	0.136
-0.000168	0.144
-0.000164	0.136
-0.00016	0.152
-0.000156	0.136
-0.000152	0.144
-0.000148	0.136
-0.000144	0.136
-0.00014	0.136
-0.000136	0.136
-0.000132	0.144
-0.000128	0.144
-0.000124	0.144
-0.00012	0.144
-0.000116	0.128
-0.000112	0.128
-0.000108	0.136
-0.000104	0.144
-0.0001	0.128
-0.000096	0.128
-0.000092	0.128
-0.000088	0.136
-0.000084	0.136
-0.00008	0.144
-0.000076	0.128
-0.000072	0.136
-0.000068	0.144
-0.000064	0.136
-0.00006	0.136
-0.000056	0.128
-0.000052	0.128
-0.000048	0.128
-0.000044	0.128
-0.00004	0.128
-0.000036	0.136
-0.000032	0.12
-0.000028	0.128
-0.000024	0.136
-0.00002	0.12
-0.000016	0.128
-0.000012	0.128
-0.000008	0.128
-0.000004	0.12
0	0.12
0.000004	0.128
0.000008	0.12
0.000012	0.128
0.000016	0.136
0.00002	0.12
0.000024	0.112
0.000028	0.128
0.000032	0.12
0.000036	0.12
0.00004	0.12
0.000044	0.12
0.000048	0.112
0.000052	0.104
0.000056	0.112
0.00006	0.112
0.000064	0.104
0.000068	0.104
0.000072	0.12
0.000076	0.112
0.00008	0.112
0.000084	0.104
0.000088	0.104
0.000092	0.112
0.000096	0.104
0.0001	0.112
0.000104	0.104
0.000108	0.104
0.000112	0.104
0.000116	0.104
0.00012	0.096
0.000124	0.096
0.000128	0.096
0.000132	0.104
0.000136	0.08
0.00014	0.096
0.000144	0.096
0.000148	0.088
0.000152	0.088
0.000156	0.096
0.00016	0.096
0.000164	0.088
0.000168	0.088
0.000172	0.088
0.000176	0.08
0.00018	0.088
0.000184	0.08
0.000188	0.08
0.000192	0.08
0.000196	0.08
0.0002	0.08
0.000204	0.08
0.000208	0.072
0.000212	0.072
0.000216	0.072
0.00022	0.08
0.000224	0.072
0.000228	0.064
0.000232	0.072
0.000236	0.072
0.00024	0.056
0.000244	0.072
0.000248	0.08
0.000252	0.056
0.000256	0.064
0.00026	0.072
0.000264	0.064
0.000268	0.064
0.000272	0.048
0.000276	0.056
0.00028	0.056
0.000284	0.048
0.000288	0.048
0.000292	0.048
0.000296	0.048
0.0003	0.056
0.000304	0.048
0.000308	0.048
0.000312	0.04
0.000316	0.048
0.00032	0.056
0.000324	0.032
0.000328	0.048
0.000332	0.04
0.000336	0.048
0.00034	0.032
0.000344	0.032
0.000348	0.024
0.000352	0.024
0.000356	0.024
0.00036	0.016
0.000364	0.032
0.000368	0.024
0.000372	0.032
0.000376	0.016
0.00038	0.024
0.000384	0.032
0.000388	0.016
0.000392	0.016
0.000396	0.016
0.0004	0.008
0.000404	0.016
0.000408	0.016
0.000412	0.016
0.000416	0
0.00042	0.008
0.000424	0.008
0.000428	0
0.000432	0.016
0.000436	0
0.00044	0.008
0.000444	0.008
0.000448	-0.008
0.000452	-0.008
0.000456	0
0.00046	-0.008
0.000464	-0.008
0.000468	0
0.000472	-0.008
0.000476	-0.016
0.00048	-0.016
0.000484	-0.008
0.000488	-0.016
0.000492	-0.016
0.000496	-0.024
0.0005	-0.016
0.000504	-0.016
0.000508	-0.024
0.000512	-0.016
0.000516	-0.032
0.00052	-0.032
0.000524	-0.024
0.000528	-0.032
0.000532	-0.032
0.000536	-0.04
0.00054	-0.032
0.000544	-0.04
0.000548	-0.04
0.000552	-0.04
0.000556	-0.04
0.00056	-0.048
0.000564	-0.048
0.000568	-0.048
0.000572	-0.04
0.000576	-0.04
0.00058	-0.048
0.000584	-0.056
0.000588	-0.048
0.000592	-0.056
0.000596	-0.048
0.0006	-0.056
0.000604	-0.056
0.000608	-0.056
0.000612	-0.048
0.000616	-0.056
0.00062	-0.056
0.000624	-0.072
0.000628	-0.056
0.000632	-0.056
0.000636	-0.064
0.00064	-0.072
0.000644	-0.064
0.000648	-0.064
0.000652	-0.08
0.000656	-0.08
0.00066	-0.08
0.000664	-0.072
0.000668	-0.072
0.000672	-0.072
0.000676	-0.08
0.00068	-0.072
0.000684	-0.088
0.000688	-0.072
0.000692	-0.072
0.000696	-0.088
0.0007	-0.096
0.000704	-0.072
0.000708	-0.088
0.000712	-0.088
0.000716	-0.096
0.00072	-0.088
0.000724	-0.088
0.000728	-0.088
0.000732	-0.088
0.000736	-0.088
0.00074	-0.08
0.000744	-0.096
0.000748	-0.112
0.000752	-0.096
0.000756	-0.096
0.00076	-0.096
0.000764	-0.104
0.000768	-0.104
0.000772	-0.104
0.000776	-0.104
0.00078	-0.112
0.000784	-0.112
0.000788	-0.112
0.000792	-0.112
0.000796	-0.112
0.0008	-0.12
0.000804	-0.12
0.000808	-0.112
0.000812	-0.12
0.000816	-0.112
0.00082	-0.128
0.000824	-0.112
0.000828	-0.112
0.000832	-0.128
0.000836	-0.12
0.00084	-0.128
0.000844	-0.128
0.000848	-0.12
0.000852	-0.12
0.000856	-0.12
0.00086	-0.128
0.000864	-0.112
0.000868	-0.128
0.000872	-0.128
0.000876	-0.128
0.00088	-0.128
0.000884	-0.136
0.000888	-0.128
0.000892	-0.12
0.000896	-0.128
0.0009	-0.128
0.000904	-0.128
0.000908	-0.136
0.000912	-0.128
0.000916	-0.136
0.00092	-0.128
0.000924	-0.128
0.000928	-0.144
0.000932	-0.128
0.000936	-0.136
0.00094	-0.136
0.000944	-0.128
0.000948	-0.136
0.000952	-0.136
0.000956	-0.128
0.00096	-0.128
0.000964	-0.136
0.000968	-0.136
0.000972	-0.144
0.000976	-0.136
0.00098	-0.136
0.000984	-0.128
0.000988	-0.144
0.000992	-0.144
0.000996	-0.136
0.001	-0.136
0.001004	-0.128
0.001008	-0.128
0.001012	-0.136
0.001016	-0.144
0.00102	-0.144
0.001024	-0.128
0.001028	-0.128
0.001032	-0.144
0.001036	-0.144
0.00104	-0.136
0.001044	-0.136
0.001048	-0.144
0.001052	-0.144
0.001056	-0.136
0.00106	-0.152
0.001064	-0.136
0.001068	-0.144
0.001072	-0.136
0.001076	-0.144
0.00108	-0.136
0.001084	-0.144
0.001088	-0.144
0.001092	-0.136
0.001096	-0.144
0.0011	-0.144
0.001104	-0.144
0.001108	-0.144
0.001112	-0.144
0.001116	-0.136
0.00112	-0.144
0.001124	-0.144
0.001128	-0.144
0.001132	-0.144
0.001136	-0.136
0.00114	-0.136
0.001144	-0.152
0.001148	-0.144
0.001152	-0.144
0.001156	-0.144
0.00116	-0.136
0.001164	-0.136
0.001168	-0.128
0.001172	-0.144
0.001176	-0.128
0.00118	-0.136
0.001184	-0.128
0.001188	-0.144
0.001192	-0.136
0.001196	-0.128
0.0012	-0.128
0.001204	-0.128
0.001208	-0.128
0.001212	-0.136
0.001216	-0.128
0.00122	-0.128
0.001224	-0.136
0.001228	-0.128
0.001232	-0.128
0.001236	-0.128
0.00124	-0.12
0.001244	-0.128
0.001248	-0.128
0.001252	-0.128
0.001256	-0.128
0.00126	-0.128
0.001264	-0.128
0.001268	-0.128
0.001272	-0.12
0.001276	-0.112
0.00128	-0.12
0.001284	-0.12
0.001288	-0.12
0.001292	-0.112
0.001296	-0.12
0.0013	-0.12
0.001304	-0.128
0.001308	-0.128
0.001312	-0.12
0.001316	-0.112
0.00132	-0.12
0.001324	-0.12
0.001328	-0.112
0.001332	-0.112
0.001336	-0.12
0.00134	-0.112
0.001344	-0.12
0.001348	-0.112
0.001352	-0.104
0.001356	-0.104
0.00136	-0.104
0.001364	-0.096
0.001368	-0.104
0.001372	-0.096
0.001376	-0.104
0.00138	-0.104
0.001384	-0.096
0.001388	-0.088
0.001392	-0.096
0.001396	-0.088
0.0014	-0.088
0.001404	-0.096
0.001408	-0.096
0.001412	-0.104
0.001416	-0.072
0.00142	-0.096
0.001424	-0.096
0.001428	-0.08
0.001432	-0.088
0.001436	-0.088
0.00144	-0.088
0.001444	-0.08
0.001448	-0.08
0.001452	-0.072
0.001456	-0.088
0.00146	-0.08
0.001464	-0.088
0.001468	-0.088
0.001472	-0.072
0.001476	-0.088
0.00148	-0.072
0.001484	-0.072
0.001488	-0.072
0.001492	-0.072
0.001496	-0.064
0.0015	-0.072
0.001504	-0.064
0.001508	-0.072
0.001512	-0.072
0.001516	-0.056
0.00152	-0.056
0.001524	-0.064
0.001528	-0.056
0.001532	-0.048
0.001536	-0.056
0.00154	-0.04
0.001544	-0.056
0.001548	-0.04
0.001552	-0.056
0.001556	-0.04
0.00156	-0.048
0.001564	-0.04
0.001568	-0.056
0.001572	-0.056
0.001576	-0.048
0.00158	-0.048
0.001584	-0.048
0.001588	-0.048
0.001592	-0.032
0.001596	-0.032
0.0016	-0.032
0.001604	-0.04
0.001608	-0.032
0.001612	-0.024
0.001616	-0.04
0.00162	-0.032
0.001624	-0.024
0.001628	-0.032
0.001632	-0.024
0.001636	-0.024
0.00164	-0.024
0.001644	-0.024
0.001648	-0.024
0.001652	-0.016
0.001656	-0.008
0.00166	-0.016
0.001664	-0.008
0.001668	-0.016
0.001672	-0.008
0.001676	-0.024
0.00168	-0.008
0.001684	0
0.001688	-0.016
0.001692	-0.008
0.001696	-0.016
0.0017	0
0.001704	0.008
0.001708	0
0.001712	0
0.001716	0.008
0.00172	0.008
0.001724	0.008
0.001728	0.008
0.001732	0.008
0.001736	0.016
0.00174	0.016
0.001744	0.016
0.001748	0.024
0.001752	0.024
0.001756	0.016
0.00176	0.008
0.001764	0.024
0.001768	0.016
0.001772	0.024
0.001776	0.024
0.00178	0.016
0.001784	0.024
0.001788	0.024
0.001792	0.032
0.001796	0.032
0.0018	0.024
0.001804	0.04
0.001808	0.032
0.001812	0.032
0.001816	0.024
0.00182	0.04
0.001824	0.032
0.001828	0.04
0.001832	0.032
0.001836	0.048
0.00184	0.04
0.001844	0.056
0.001848	0.04
0.001852	0.048
0.001856	0.04
0.00186	0.056
0.001864	0.056
0.001868	0.048
0.001872	0.056
0.001876	0.056
0.00188	0.056
0.001884	0.056
0.001888	0.064
0.001892	0.064
0.001896	0.056
0.0019	0.072
0.001904	0.064
0.001908	0.088
0.001912	0.072
0.001916	0.08
0.00192	0.064
0.001924	0.08
0.001928	0.072
0.001932	0.08
0.001936	0.072
0.00194	0.08
0.001944	0.08
0.001948	0.088
0.001952	0.08
0.001956	0.072
0.00196	0.088
0.001964	0.08
0.001968	0.096
0.001972	0.08
0.001976	0.088
0.00198	0.08
0.001984	0.088
0.001988	0.096
0.001992	0.096
0.001996	0.096
0.002	0.08
0.002004	0.104
0.002008	0.096
0.002012	0.088
0.002016	0.104
0.00202	0.088
0.002024	0.088
0.002028	0.096
0.002032	0.096
0.002036	0.104
0.00204	0.096
0.002044	0.104
0.002048	0.088
0.002052	0.104
0.002056	0.112
0.00206	0.104
0.002064	0.104
0.002068	0.112
0.002072	0.104
0.002076	0.096
0.00208	0.112
0.002084	0.112
0.002088	0.112
0.002092	0.12
0.002096	0.104
0.0021	0.112
0.002104	0.12
0.002108	0.112
0.002112	0.104
0.002116	0.12
0.00212	0.12
0.002124	0.128
0.002128	0.12
0.002132	0.128
0.002136	0.12
0.00214	0.112
0.002144	0.128
0.002148	0.128
0.002152	0.128
0.002156	0.136
0.00216	0.12
0.002164	0.136
0.002168	0.12
0.002172	0.128
0.002176	0.128
0.00218	0.136
0.002184	0.128
0.002188	0.12
0.002192	0.136
0.002196	0.12
0.0022	0.128
0.002204	0.136
0.002208	0.12
0.002212	0.12
0.002216	0.144
0.00222	0.128
0.002224	0.136
0.002228	0.128
0.002232	0.136
0.002236	0.12
0.00224	0.128
0.002244	0.136
0.002248	0.136
0.002252	0.136
0.002256	0.128
0.00226	0.144
0.002264	0.136
0.002268	0.136
0.002272	0.152
0.002276	0.136
0.00228	0.144
0.002284	0.136
0.002288	0.152
0.002292	0.152
0.002296	0.136
0.0023	0.136
0.002304	0.136
0.002308	0.136
0.002312	0.144
0.002316	0.144
0.00232	0.128
0.002324	0.136
0.002328	0.136
0.002332	0.136
0.002336	0.136
0.00234	0.136
0.002344	0.128
0.002348	0.136
0.002352	0.144
0.002356	0.128
0.00236	0.144
0.002364	0.136
0.002368	0.136
0.002372	0.128
0.002376	0.128
0.00238	0.136
0.002384	0.136
0.002388	0.144
0.002392	0.136
0.002396	0.136
0.0024	0.136
0.002404	0.128
0.002408	0.136
0.002412	0.136
0.002416	0.136
0.00242	0.128
0.002424	0.136
0.002428	0.128
0.002432	0.144
0.002436	0.136
0.00244	0.136
0.002444	0.136
0.002448	0.12
0.002452	0.128
0.002456	0.136
0.00246	0.136
0.002464	0.136
0.002468	0.136
0.002472	0.136
0.002476	0.128
0.00248	0.128
0.002484	0.128
0.002488	0.12
0.002492	0.128
0.002496	0.112
0.0025	0.128
0.002504	0.128
0.002508	0.12
0.002512	0.12
0.002516	0.12
0.00252	0.128
0.002524	0.112
0.002528	0.112
0.002532	0.128
0.002536	0.112
0.00254	0.112
0.002544	0.12
0.002548	0.12
0.002552	0.12
0.002556	0.112
0.00256	0.12
0.002564	0.104
0.002568	0.104
0.002572	0.112
0.002576	0.104
0.00258	0.112
0.002584	0.12
0.002588	0.104
0.002592	0.104
0.002596	0.112
0.0026	0.112
0.002604	0.112
0.002608	0.112
0.002612	0.096
0.002616	0.104
0.00262	0.104
0.002624	0.104
0.002628	0.088
0.002632	0.08
0.002636	0.096
0.00264	0.088
0.002644	0.104
0.002648	0.096
0.002652	0.088
0.002656	0.096
0.00266	0.096
0.002664	0.08
0.002668	0.088
0.002672	0.088
0.002676	0.08
0.00268	0.072
0.002684	0.08
0.002688	0.088
0.002692	0.08
0.002696	0.088
0.0027	0.08
0.002704	0.08
0.002708	0.08
0.002712	0.072
0.002716	0.064
0.00272	0.064
0.002724	0.072
0.002728	0.08
0.002732	0.064
0.002736	0.08
0.00274	0.064
0.002744	0.056
0.002748	0.064
0.002752	0.064
0.002756	0.064
0.00276	0.064
0.002764	0.064
0.002768	0.056
0.002772	0.056
0.002776	0.056
0.00278	0.056
0.002784	0.056
0.002788	0.056
0.002792	0.04
0.002796	0.048
0.0028	0.056
0.002804	0.048
0.002808	0.048
0.002812	0.04
0.002816	0.04
0.00282	0.04
0.002824	0.04
0.002828	0.048
0.002832	0.04
0.002836	0.032
0.00284	0.04
0.002844	0.024
0.002848	0.032
0.002852	0.032
0.002856	0.024
0.00286	0.024
0.002864	0.04
0.002868	0.032
0.002872	0.04
0.002876	0.024
0.00288	0.024
0.002884	0.024
0.002888	0.024
0.002892	0.024
0.002896	0.008
0.0029	0.016
0.002904	0.008
0.002908	0.016
0.002912	0.008
0.002916	0.008
0.00292	0.008
0.002924	0.008
0.002928	-0.008
0.002932	0.008
0.002936	0
0.00294	0
0.002944	0
0.002948	0
0.002952	0
0.002956	-0.016
0.00296	0.008
0.002964	-0.024
0.002968	0
0.002972	-0.016
0.002976	-0.024
0.00298	-0.008
0.002984	-0.024
0.002988	-0.016
0.002992	-0.016
0.002996	-0.024
0.003	-0.024
0.003004	-0.024
0.003008	-0.016
0.003012	-0.032
0.003016	-0.024
0.00302	-0.04
0.003024	-0.024
0.003028	-0.04
0.003032	-0.024
0.003036	-0.04
0.00304	-0.024
0.003044	-0.032
0.003048	-0.032
0.003052	-0.024
0.003056	-0.048
0.00306	-0.04
0.003064	-0.056
0.003068	-0.056
0.003072	-0.04
0.003076	-0.04
0.00308	-0.056
0.003084	-0.04
0.003088	-0.048
0.003092	-0.056
0.003096	-0.056
0.0031	-0.056
0.003104	-0.056
0.003108	-0.056
0.003112	-0.056
0.003116	-0.056
0.00312	-0.056
0.003124	-0.056
0.003128	-0.064
0.003132	-0.064
0.003136	-0.056
0.00314	-0.064
0.003144	-0.072
0.003148	-0.064
0.003152	-0.064
0.003156	-0.072
0.00316	-0.064
0.003164	-0.088
0.003168	-0.08
0.003172	-0.072
0.003176	-0.08
0.00318	-0.072
0.003184	-0.072
0.003188	-0.072
0.003192	-0.088
0.003196	-0.088
0.0032	-0.08
0.003204	-0.08
0.003208	-0.096
0.003212	-0.072
0.003216	-0.088
0.00322	-0.08
0.003224	-0.088
0.003228	-0.096
0.003232	-0.088
0.003236	-0.096
0.00324	-0.096
0.003244	-0.096
0.003248	-0.104
0.003252	-0.088
0.003256	-0.104
0.00326	-0.104
0.003264	-0.096
0.003268	-0.104
0.003272	-0.104
0.003276	-0.096
0.00328	-0.104
0.003284	-0.112
0.003288	-0.112
0.003292	-0.112
0.003296	-0.112
0.0033	-0.12
0.003304	-0.096
0.003308	-0.12
0.003312	-0.12
0.003316	-0.112
0.00332	-0.12
0.003324	-0.12
0.003328	-0.112
0.003332	-0.128
0.003336	-0.104
0.00334	-0.12
0.003344	-0.136
0.003348	-0.128
0.003352	-0.12
0.003356	-0.112
0.00336	-0.12
0.003364	-0.12
0.003368	-0.128
0.003372	-0.12
0.003376	-0.12
0.00338	-0.128
0.003384	-0.12
0.003388	-0.128
0.003392	-0.128
0.003396	-0.12
0.0034	-0.12
0.003404	-0.136
0.003408	-0.152
0.003412	-0.128
0.003416	-0.136
0.00342	-0.128
0.003424	-0.128
0.003428	-0.128
0.003432	-0.128
0.003436	-0.136
0.00344	-0.136
0.003444	-0.128
0.003448	-0.136
0.003452	-0.136
0.003456	-0.136
0.00346	-0.136
0.003464	-0.144
0.003468	-0.136
0.003472	-0.136
0.003476	-0.144
0.00348	-0.136
0.003484	-0.136
0.003488	-0.128
0.003492	-0.144
0.003496	-0.144
0.0035	-0.136
0.003504	-0.128
0.003508	-0.144
0.003512	-0.144
0.003516	-0.144
0.00352	-0.128
0.003524	-0.136
0.003528	-0.136
0.003532	-0.152
0.003536	-0.136
0.00354	-0.144
0.003544	-0.152
0.003548	-0.144
0.003552	-0.152
0.003556	-0.144
0.00356	-0.128
0.003564	-0.128
0.003568	-0.144
0.003572	-0.136
0.003576	-0.144
0.00358	-0.128
0.003584	-0.136
0.003588	-0.144
0.003592	-0.136
0.003596	-0.144
0.0036	-0.128
0.003604	-0.136
0.003608	-0.144
0.003612	-0.144
0.003616	-0.136
0.00362	-0.136
0.003624	-0.144
0.003628	-0.136
0.003632	-0.136
0.003636	-0.136
0.00364	-0.144
0.003644	-0.128
0.003648	-0.144
0.003652	-0.136
0.003656	-0.144
0.00366	-0.152
0.003664	-0.152
0.003668	-0.136
0.003672	-0.136
0.003676	-0.128
0.00368	-0.136
0.003684	-0.144
0.003688	-0.136
0.003692	-0.128
0.003696	-0.128
0.0037	-0.128
0.003704	-0.144
0.003708	-0.128
0.003712	-0.152
0.003716	-0.136
0.00372	-0.128
0.003724	-0.128
0.003728	-0.136
0.003732	-0.136
0.003736	-0.128
0.00374	-0.128
0.003744	-0.136
0.003748	-0.136
0.003752	-0.128
0.003756	-0.12
0.00376	-0.12
0.003764	-0.12
0.003768	-0.12
0.003772	-0.12
0.003776	-0.128
0.00378	-0.128
0.003784	-0.104
0.003788	-0.112
0.003792	-0.12
0.003796	-0.12
0.0038	-0.128
0.003804	-0.128
0.003808	-0.12
0.003812	-0.12
0.003816	-0.112
0.00382	-0.12
0.003824	-0.12
0.003828	-0.12
0.003832	-0.104
0.003836	-0.12
0.00384	-0.112
0.003844	-0.112
0.003848	-0.112
0.003852	-0.112
0.003856	-0.104
0.00386	-0.104
0.003864	-0.112
0.003868	-0.104
0.003872	-0.104
0.003876	-0.096
0.00388	-0.104
0.003884	-0.096
0.003888	-0.104
0.003892	-0.088
0.003896	-0.096
0.0039	-0.096
0.003904	-0.096
0.003908	-0.088
0.003912	-0.096
0.003916	-0.096
0.00392	-0.088
0.003924	-0.088
0.003928	-0.088
0.003932	-0.104
0.003936	-0.088
0.00394	-0.088
0.003944	-0.08
0.003948	-0.08
0.003952	-0.072
0.003956	-0.088
0.00396	-0.08
0.003964	-0.08
0.003968	-0.088
0.003972	-0.08
0.003976	-0.08
0.00398	-0.08
0.003984	-0.072
0.003988	-0.08
0.003992	-0.088
0.003996	-0.072
0.004	-0.072
0.004004	-0.064
0.004008	-0.064
0.004012	-0.064
0.004016	-0.064
0.00402	-0.072
0.004024	-0.056
0.004028	-0.064
0.004032	-0.056
0.004036	-0.064
0.00404	-0.056
0.004044	-0.056
0.004048	-0.048
0.004052	-0.056
0.004056	-0.056
0.00406	-0.056
0.004064	-0.048
0.004068	-0.056
0.004072	-0.04
0.004076	-0.048
0.00408	-0.04
0.004084	-0.032
0.004088	-0.04
0.004092	-0.032
0.004096	-0.048
0.0041	-0.04
0.004104	-0.032
0.004108	-0.032
0.004112	-0.032
0.004116	-0.032
0.00412	-0.032
0.004124	-0.024
0.004128	-0.016
0.004132	-0.024
0.004136	-0.024
0.00414	-0.016
0.004144	-0.024
0.004148	-0.016
0.004152	-0.032
0.004156	-0.024
0.00416	-0.016
0.004164	-0.008
0.004168	-0.008
0.004172	0
0.004176	0
0.00418	-0.008
0.004184	0
0.004188	0
0.004192	0
0.004196	0.008
0.0042	0
0.004204	-0.008
0.004208	-0.008
0.004212	0.008
0.004216	0
0.00422	0
0.004224	0
0.004228	0.008
0.004232	0.024
0.004236	0.008
0.00424	0.016
0.004244	0.016
0.004248	0.016
0.004252	0.024
0.004256	0.016
0.00426	0.016
0.004264	0.016
0.004268	0.008
0.004272	0.024
0.004276	0.016
0.00428	0.024
0.004284	0.032
0.004288	0.032
0.004292	0.04
0.004296	0.032
0.0043	0.032
0.004304	0.032
0.004308	0.032
0.004312	0.024
0.004316	0.04
0.00432	0.04
0.004324	0.048
0.004328	0.04
0.004332	0.04
0.004336	0.04
0.00434	0.032
0.004344	0.048
0.004348	0.056
0.004352	0.048
0.004356	0.056
0.00436	0.048
0.004364	0.048
0.004368	0.048
0.004372	0.048
0.004376	0.056
0.00438	0.072
0.004384	0.056
0.004388	0.064
0.004392	0.056
0.004396	0.064
0.0044	0.072
0.004404	0.064
0.004408	0.072
0.004412	0.08
0.004416	0.064
0.00442	0.064
0.004424	0.072
0.004428	0.08
0.004432	0.072
0.004436	0.064
0.00444	0.088
0.004444	0.096
0.004448	0.072
0.004452	0.088
0.004456	0.08
0.00446	0.08
0.004464	0.088
0.004468	0.096
0.004472	0.096
0.004476	0.088
0.00448	0.096
0.004484	0.088
0.004488	0.088
0.004492	0.096
0.004496	0.088
0.0045	0.096
0.004504	0.08
0.004508	0.104
0.004512	0.104
0.004516	0.096
0.00452	0.104
0.004524	0.096
0.004528	0.096
0.004532	0.096
0.004536	0.096
0.00454	0.104
0.004544	0.104
0.004548	0.112
0.004552	0.104
0.004556	0.104
0.00456	0.112
0.004564	0.112
0.004568	0.104
0.004572	0.112
0.004576	0.112
0.00458	0.12
0.004584	0.12
0.004588	0.12
0.004592	0.12
0.004596	0.128
0.0046	0.112
0.004604	0.12
0.004608	0.112
0.004612	0.12
0.004616	0.12
0.00462	0.12
0.004624	0.128
0.004628	0.128
0.004632	0.128
0.004636	0.128
0.00464	0.12
0.004644	0.128
0.004648	0.128
0.004652	0.12
0.004656	0.12
0.00466	0.128
0.004664	0.128
0.004668	0.12
0.004672	0.144
0.004676	0.128
0.00468	0.128
0.004684	0.136
0.004688	0.128
0.004692	0.136
0.004696	0.128
0.0047	0.128
0.004704	0.128
0.004708	0.128
0.004712	0.136
0.004716	0.12
0.00472	0.128
0.004724	0.128
0.004728	0.128
0.004732	0.144
0.004736	0.144
0.00474	0.144
0.004744	0.136
0.004748	0.136
0.004752	0.136
0.004756	0.136
0.00476	0.136
0.004764	0.136
0.004768	0.136
0.004772	0.128
0.004776	0.144
0.00478	0.144
0.004784	0.144
0.004788	0.136
0.004792	0.144
0.004796	0.128
0.0048	0.136
0.004804	0.144
0.004808	0.128
0.004812	0.128
0.004816	0.128
0.00482	0.136
0.004824	0.136
0.004828	0.136
0.004832	0.144
0.004836	0.144
0.00484	0.144
0.004844	0.136
0.004848	0.128
0.004852	0.136
0.004856	0.136
0.00486	0.136
0.004864	0.136
0.004868	0.136
0.004872	0.128
0.004876	0.128
0.00488	0.144
0.004884	0.136
0.004888	0.136
0.004892	0.136
0.004896	0.136
0.0049	0.144
0.004904	0.144
0.004908	0.144
0.004912	0.12
0.004916	0.136
0.00492	0.144
0.004924	0.136
0.004928	0.136
0.004932	0.128
0.004936	0.136
0.00494	0.136
0.004944	0.144
0.004948	0.128
0.004952	0.136
0.004956	0.136
0.00496	0.136
0.004964	0.128
0.004968	0.112
0.004972	0.128
0.004976	0.12
0.00498	0.128
0.004984	0.128
0.004988	0.12
0.004992	0.128
0.004996	0.12
