CH1
-0.002218
-0.001506
-0.001504
-0.0015
-0.001498
-0.000786
-0.000784
-7.8e-05
-7.4e-05
-7.2e-05
0.00064
0.000642
0.000644
0.001348
0.001352
0.001354
0.00207
CH2
-0.002284
-0.00228
-0.002278
-0.002276
-0.001576
-0.001574
-0.00157
-0.001568
-0.000856
-0.000854
-0.000852
-0.000844
-0.000152
-0.000148
-0.000146
-0.000144
0.000572
0.000574
0.00058
0.000582
0.001276
0.00128
0.001282
0.001284
0.001288
0.001996
0.002
0.002002
0.002004
MATH
-0.001998
-0.00199
-0.001966
-0.001964
-0.001962
-0.00196
-0.001958
-0.001956
-0.001954
-0.001946
-0.001944
-0.001262
-0.00126
-0.001256
-0.001254
-0.001252
-0.00125
-0.001248
-0.001238
-0.001236
-0.001228
-0.001222
-0.00122
-0.001208
-0.000554
-0.000546
-0.000538
-0.000532
-0.000524
-0.000518
-0.000516
0.00017
0.000172
0.000178
0.000186
0.000188
0.00019
0.000202
0.000204
0.00021
0.000852
0.000856
0.000858
0.000872
0.000874
0.000878
0.000886
0.000888
0.00089
0.000892
0.000894
0.000898
0.0009
0.000902
0.000904
0.000924
0.001594
0.001598
0.001616
0.001622
0.001632
0.001636
0.00164
0.001648
0.002298
0.002302
0.002312
0.002316
0.002318
0.002322
0.002328
0.00233
0.002332
0.002334
0.002336
0.002344
0.002356
0.00236
